43
62
65
66
71
72
73
74
87
92
93
94
96
98
106
107
114
115
120
121
122
138
142
143
161
162
163
164
169
173
174
190
191
192
197
201
202
208
209
210
211
212
230
234
235
236
237
238
268
271
272
283
292
293
295
296
297
299
304
317
318
319
320
332
341
344
345
346
347
348
359
360
368
369
372
373
374
378
387
394
396
397
406
426
429
442
443
450
451
456
475
478
479
480
507
508
509
510
515
529
531
538
540
547
548
556
557
558
563
584
585
606
608
612
613
636
639
640
641
646
666
667
668
675
685
695
696
704
708
709
710
712
713
715
716
717
719
720
721
723
724
734
738
739
740
741
742
743
744
745
746
748
749
750
751
770
43
48
49
68
75
76
77
78
94
95
96
97
98
99
105
106
107
114
119
120
122
123
124
125
126
127
135
137
138
139
147
148
149
150
151
152
153
154
160
166
169
176
177
178
179
180
181
188
197
201
202
203
204
205
206
207
224
225
227
229
231
232
233
234
235
237
248
251
253
257
258
259
260
261
262
265
266
276
277
285
286
287
288
289
293
294
300
303
304
305
314
315
316
317
321
322
323
327
328
329
330
332
333
334
342
349
350
351
355
356
357
358
359
360
361
366
369
378
382
383
384
385
386
387
388
389
405
406
413
414
415
416
426
431
441
442
443
444
445
446
453
454
467
468
469
470
471
480
481
497
498
499
506
507
525
526
527
528
535
536
553
554
555
563
564
577
580
581
582
587
588
590
591
592
593
595
596
605
607
609
610
612
613
618
619
628
629
631
637
656
663
668
669
676
678
679
704
705
706
707
708
716
717
718
732
740
743
744
745
747
767
768
770
771
774
44
45
48
64
65
66
67
68
69
71
72
75
76
77
78
79
90
91
92
93
94
95
96
97
98
99
100
103
115
116
117
118
119
120
121
122
123
124
125
126
127
128
129
130
131
148
149
150
151
152
153
154
155
156
157
160
161
162
171
179
180
181
182
183
184
191
192
195
198
199
203
219
220
223
225
253
262
263
264
265
266
285
286
290
291
292
293
294
295
296
299
300
305
306
310
311
313
318
319
320
321
322
323
332
338
357
360
362
365
366
373
375
376
377
383
389
390
394
398
402
405
418
441
447
451
452
465
467
468
469
470
474
475
479
494
496
498
502
507
526
528
530
534
538
539
541
543
545
556
564
566
567
568
569
570
571
576
580
594
595
596
597
598
603
608
609
619
634
635
636
637
647
662
665
677
719
732
735
737
741
742
743
747
748
749
750
760
766
769
770
773
775
35
48
49
64
66
67
68
69
70
77
78
79
80
89
90
91
92
93
94
95
96
97
98
99
103
107
116
117
118
119
120
121
122
123
124
125
126
127
128
132
144
147
148
149
150
153
154
155
158
172
188
212
216
224
243
248
249
250
251
252
258
264
276
277
278
286
304
305
306
307
312
313
314
315
333
334
340
341
342
348
349
360
362
366
368
369
371
387
394
395
399
400
401
402
406
427
428
429
430
431
445
456
457
458
473
480
489
490
491
503
508
514
527
530
535
536
537
538
539
541
542
543
544
563
564
566
567
568
569
570
571
572
580
584
585
594
595
596
597
598
599
612
613
624
625
626
627
639
640
641
653
656
666
667
668
676
687
692
693
694
695
704
705
708
720
735
736
737
738
739
740
741
742
743
744
745
746
748
749
750
751
752
765
766
767
769
770
771
772
773
774
775
776
777
778
40
45
62
68
69
77
86
96
97
105
106
107
135
136
139
162
163
165
174
180
202
255
282
283
309
330
331
332
357
358
359
360
363
385
386
387
418
422
450
451
469
472
478
479
485
497
504
507
524
525
526
529
535
552
553
556
557
563
564
567
578
579
580
581
585
588
591
604
606
607
608
609
613
633
635
642
646
707
709
732
733
734
740
742
749
761
769
75
106
107
115
121
128
129
130
131
144
149
153
173
208
209
212
213
214
215
216
222
225
236
237
238
239
240
241
243
244
247
253
266
269
270
271
275
278
279
281
294
295
296
307
309
321
322
323
324
334
337
348
349
350
351
352
357
358
360
365
366
368
375
376
377
378
379
380
383
384
385
387
388
394
403
404
405
406
407
408
410
411
412
415
416
422
431
432
433
434
437
438
439
440
442
443
455
456
457
458
459
460
465
466
467
468
469
470
471
479
480
482
483
488
493
494
495
497
501
509
510
513
515
517
518
521
529
530
531
541
542
562
579
581
586
590
591
592
599
600
601
602
603
604
605
606
607
608
610
611
612
613
614
618
621
622
625
626
627
630
631
632
633
634
635
638
639
640
641
647
648
649
650
651
652
653
655
661
662
664
665
666
667
668
679
680
681
687
689
690
694
695
696
703
707
708
709
715
716
717
718
719
722
724
732
733
734
736
741
742
743
744
746
747
764
765
766
767
768
769
770
771
772
773
12
13
42
49
62
63
64
65
66
67
68
77
80
81
92
93
94
95
107
114
115
117
118
120
121
122
126
128
139
162
167
182
184
185
186
188
189
200
210
211
212
213
214
216
219
228
238
239
240
246
256
267
305
340
341
342
360
361
368
369
370
371
372
374
386
388
389
390
391
396
397
399
401
404
405
414
417
418
419
424
425
433
434
445
446
447
457
458
460
462
463
471
473
474
475
483
484
501
516
535
558
561
563
564
581
584
585
591
593
597
599
612
614
626
627
650
668
676
677
678
679
680
704
705
706
707
708
709
713
714
718
719
720
721
733
734
735
736
737
738
739
740
741
742
743
744
745
746
748
749
750
766
767
768
770
773
774
34
42
44
45
47
48
49
60
62
63
64
65
66
77
78
79
88
90
91
92
93
94
95
110
114
117
142
169
170
171
172
173
178
183
184
185
186
189
198
200
211
212
213
214
215
216
217
218
219
225
226
240
242
246
247
249
258
261
262
277
279
286
289
290
304
309
312
313
314
315
316
317
318
327
339
340
341
342
343
344
345
348
351
359
368
369
370
372
375
376
378
379
390
396
402
403
404
415
416
417
418
423
432
436
443
444
445
446
447
463
465
466
469
473
474
475
482
492
494
497
498
501
509
511
512
525
531
535
546
547
556
557
562
569
585
590
591
614
618
630
646
647
648
657
658
660
661
662
679
680
684
690
691
692
705
706
707
708
709
711
712
713
714
715
717
718
719
720
721
733
734
735
736
737
740
741
742
743
746
747
749
769
770
771
44
45
48
49
67
70
74
91
92
93
94
95
96
97
98
99
100
101
104
109
114
120
121
125
126
127
138
145
156
166
189
199
217
218
271
272
307
310
316
320
324
333
338
343
344
348
353
361
365
366
381
408
409
418
435
436
437
463
464
465
470
490
491
495
497
498
510
511
522
523
524
525
526
527
537
538
539
550
551
552
553
554
555
556
559
563
564
565
566
567
568
571
579
580
581
582
583
591
592
593
594
595
607
610
611
619
620
621
622
623
646
647
648
649
652
665
675
676
679
680
681
682
684
691
694
704
707
708
709
710
712
713
738
739
744
760
769
773
776
40
48
49
68
69
70
71
72
73
77
78
79
96
99
100
101
102
103
105
106
107
108
109
114
131
132
135
136
137
138
142
152
153
163
165
166
169
177
178
180
186
193
197
212
213
215
221
225
226
238
240
241
242
243
248
249
251
264
265
266
268
269
276
277
279
281
284
287
289
290
291
292
293
294
296
297
303
304
312
313
314
315
316
317
318
319
320
321
322
324
334
339
340
341
342
343
344
345
346
347
348
367
368
369
370
371
372
373
401
402
403
404
422
424
425
426
429
430
442
449
450
453
454
477
498
507
529
530
535
545
557
563
581
584
585
589
591
609
612
618
621
646
649
650
674
676
688
691
704
712
717
718
719
720
722
734
738
743
744
745
746
747
748
749
767
74
75
76
98
99
101
104
105
110
133
134
145
161
171
172
173
201
218
221
223
229
230
237
238
239
240
241
247
258
266
268
276
278
294
295
296
351
352
379
380
381
382
387
408
409
410
411
418
435
437
438
439
440
442
447
466
467
473
474
475
493
496
501
506
508
531
557
558
568
572
575
576
581
583
585
602
609
610
611
612
613
614
619
621
622
624
625
629
634
639
640
641
650
652
654
656
666
667
668
675
679
690
696
704
705
708
711
722
724
732
733
734
735
736
737
742
748
749
770
773
774
776
777
40
43
66
67
68
69
70
91
92
94
95
96
97
98
119
120
121
122
123
124
126
127
128
138
144
147
159
160
171
248
258
276
283
304
305
306
307
310
338
344
350
353
362
366
370
371
373
374
375
389
394
396
397
401
402
412
433
434
473
479
480
490
491
501
507
511
518
528
529
543
544
545
556
557
559
562
571
584
585
609
611
612
613
614
638
639
640
646
647
657
665
666
675
693
694
695
696
703
704
708
713
722
723
738
745
746
761
769
40
41
45
46
47
61
62
67
73
74
75
86
89
95
98
99
100
101
102
104
105
106
107
114
118
119
120
123
129
130
131
132
136
137
138
144
152
153
155
157
158
159
160
161
164
165
166
172
179
180
185
186
187
188
191
192
194
195
209
210
211
213
214
215
216
217
218
219
220
223
237
238
239
240
241
242
243
244
246
247
251
261
265
266
267
268
269
270
271
274
281
289
292
293
294
296
297
298
301
310
317
319
320
321
322
324
325
326
332
333
334
339
348
349
351
352
353
355
356
357
360
362
371
373
376
389
390
395
401
409
417
418
423
426
438
445
465
473
474
490
501
511
514
537
538
539
552
553
556
557
563
564
565
568
570
574
581
584
593
594
595
614
621
622
635
649
651
655
663
668
682
683
689
695
704
706
707
708
712
713
716
721
722
723
736
737
738
740
741
742
744
745
765
768
769
770
773
774
775
37
44
45
46
47
48
49
50
51
61
62
63
64
67
69
70
88
89
90
91
92
93
94
96
98
99
100
110
116
129
151
152
158
159
164
165
166
171
176
186
187
188
189
192
193
194
198
199
204
214
215
216
217
221
222
226
242
243
244
245
249
250
261
264
267
268
270
271
272
273
277
278
279
290
295
296
298
299
300
306
312
322
323
324
326
327
328
329
334
342
350
351
352
353
355
356
358
362
370
377
378
379
380
381
386
394
397
398
399
405
406
407
408
411
412
413
426
427
434
435
436
438
439
440
443
445
453
454
462
463
465
466
467
468
471
473
478
493
494
495
502
513
520
521
522
523
533
542
547
548
549
550
558
561
563
579
586
589
591
612
613
621
622
638
647
648
650
666
675
688
689
691
695
697
704
705
713
717
721
725
732
734
735
739
749
750
766
773
776
779
64
65
66
67
68
69
70
71
72
74
90
92
93
94
96
103
115
117
124
128
149
150
151
152
153
154
170
176
177
178
179
180
181
182
183
199
202
204
209
211
227
230
232
233
238
242
255
257
258
269
270
283
284
285
293
297
298
304
311
312
314
325
330
332
339
366
368
380
385
386
396
407
408
424
436
441
442
444
452
464
468
469
473
485
486
490
491
500
510
511
513
518
519
529
530
538
539
541
545
546
549
551
557
567
574
583
591
592
596
597
609
610
620
631
654
655
656
658
659
677
682
683
684
685
704
705
706
710
717
718
722
723
733
734
749
750
772
773
777
66
69
72
78
86
87
91
92
93
94
95
98
99
100
101
102
103
104
109
114
117
118
119
120
121
122
126
127
146
147
148
149
150
161
162
173
174
175
176
177
178
184
190
198
201
202
204
205
217
218
224
233
249
253
266
287
293
294
295
301
306
311
314
315
316
317
321
322
328
330
331
333
334
335
341
342
343
344
345
352
353
358
360
361
362
368
373
375
376
380
389
390
394
396
399
401
402
403
408
412
413
415
416
418
422
424
425
426
427
428
429
430
437
439
440
442
443
444
447
452
453
454
455
456
457
460
461
463
464
466
467
468
481
482
483
484
486
487
488
491
492
493
495
496
514
523
541
567
568
569
584
605
606
620
621
633
634
635
641
649
661
663
665
666
667
670
675
676
691
694
695
705
707
708
709
713
714
715
716
717
722
723
724
732
737
740
741
742
743
744
745
746
749
760
761
762
768
771
772
774
35
36
39
40
41
46
48
49
50
62
63
64
68
69
70
71
78
80
86
90
102
105
106
107
108
120
121
122
123
124
125
126
130
131
134
135
136
137
139
143
144
145
158
163
164
165
167
171
172
176
181
182
183
184
191
192
197
199
204
208
209
210
211
212
225
233
234
236
237
238
239
253
257
261
264
265
266
267
278
279
281
282
288
289
290
292
293
294
305
306
307
310
311
312
317
318
321
322
333
334
338
339
340
341
345
346
347
357
359
360
362
363
367
368
375
384
385
386
387
388
390
394
395
396
413
414
417
418
433
434
460
461
474
475
478
488
489
502
506
509
511
512
516
517
521
524
534
535
536
538
539
540
543
544
545
546
548
551
557
563
564
565
566
568
571
572
573
574
587
591
592
593
594
599
600
601
602
614
619
622
623
624
625
642
650
651
652
653
654
658
660
666
668
670
677
678
679
680
681
682
686
696
704
705
706
707
708
709
710
711
712
724
733
734
735
736
737
738
739
740
741
742
743
744
745
746
747
748
749
750
766
767
768
770
771
772
773
34
40
47
48
49
50
59
60
78
87
88
92
93
94
115
116
137
138
145
165
173
224
250
251
255
267
274
275
278
283
285
286
293
294
295
302
305
309
311
313
314
315
318
320
321
322
323
328
330
339
341
347
348
349
350
355
356
357
360
361
367
371
384
385
388
389
390
391
394
395
399
400
401
405
406
407
417
418
419
422
423
432
433
434
435
436
441
442
451
459
460
461
462
463
464
465
473
474
475
479
480
488
489
491
498
499
503
507
516
517
526
545
563
565
591
592
611
619
630
640
642
665
666
667
670
676
677
686
703
704
705
712
714
715
722
723
724
732
733
743
744
765
766
773
776
777
41
47
48
60
65
70
71
72
73
75
76
86
91
94
95
96
97
98
105
106
115
117
118
119
120
121
122
123
124
137
144
145
146
147
148
165
166
170
173
174
193
194
195
197
200
222
227
228
248
249
250
251
255
272
276
277
278
283
300
304
305
306
311
332
333
334
338
366
368
389
390
396
397
402
415
417
418
423
425
431
439
440
442
443
444
445
452
463
464
467
468
471
473
486
487
488
489
490
491
498
499
501
514
517
518
526
528
529
533
549
557
558
561
574
583
584
585
604
609
610
611
612
613
620
630
631
636
637
638
639
640
646
647
664
665
666
667
675
676
677
678
685
688
690
691
692
693
694
695
696
705
707
708
714
715
716
717
718
719
720
721
722
733
737
740
741
742
743
744
745
746
747
748
749
766
767
768
769
770
771
773
66
68
69
70
71
72
92
99
100
101
102
121
122
126
129
130
135
143
144
153
154
158
159
173
180
181
182
198
199
201
205
208
209
210
215
221
222
225
226
227
228
229
231
232
233
236
237
238
240
245
246
247
248
249
250
256
260
261
262
265
272
273
274
275
276
277
278
279
280
284
287
288
289
290
296
299
301
302
303
304
305
306
307
310
311
316
317
318
320
324
333
334
338
339
344
345
348
359
362
365
366
367
372
373
377
387
394
397
404
417
418
423
426
431
443
444
445
453
458
459
472
473
483
484
485
486
487
488
507
509
510
511
512
513
514
516
517
524
526
527
535
536
537
538
539
540
551
552
553
554
555
559
563
564
565
566
567
568
580
581
582
583
585
591
592
593
594
595
619
620
621
633
648
649
650
651
653
660
661
667
676
677
678
679
680
687
691
692
695
707
708
709
710
711
723
732
733
734
735
736
737
738
739
740
742
743
744
745
760
761
768
769
778
779
34
35
36
38
39
40
41
45
46
47
48
49
60
62
63
64
66
67
75
76
90
93
94
95
96
97
98
123
124
126
127
135
145
149
150
151
152
153
154
160
161
163
164
171
178
179
180
181
182
186
187
188
189
190
191
192
193
199
200
206
207
212
213
214
215
216
217
218
219
220
221
222
227
228
232
233
235
239
240
241
242
246
247
248
249
250
259
260
261
262
264
265
266
267
268
274
279
283
288
289
290
292
293
294
299
300
303
304
307
309
310
311
315
316
317
324
325
328
329
330
331
332
333
337
338
339
342
343
344
345
357
358
359
360
366
367
369
371
374
378
384
387
388
390
394
395
399
400
401
402
406
412
415
418
422
423
430
431
434
440
451
474
475
479
480
491
492
502
507
508
509
518
519
530
531
535
536
537
539
558
563
565
566
579
585
586
589
606
622
623
624
626
627
630
631
632
633
634
650
651
652
659
660
661
688
690
695
707
719
720
721
722
723
724
742
748
751
752
765
766
767
768
769
770
773
776
777
778
47
75
76
77
78
79
93
94
95
96
97
98
99
100
101
104
119
120
121
122
123
124
125
126
127
128
130
135
147
148
149
150
151
152
153
154
155
156
157
158
164
169
171
174
179
181
185
186
197
199
224
226
233
234
235
236
237
242
260
261
262
263
264
265
266
267
270
271
272
276
284
285
287
288
289
290
291
292
293
294
295
300
304
312
313
314
315
316
317
323
328
331
344
346
348
355
356
358
359
374
386
387
396
398
399
413
414
415
416
424
426
431
432
440
441
446
451
452
459
474
475
479
487
504
506
507
531
533
573
590
591
618
619
646
647
654
655
667
675
685
686
687
690
717
732
739
740
742
743
772
773
41
45
64
65
66
67
68
72
92
93
94
95
99
100
118
119
120
126
127
128
129
143
144
148
160
162
164
171
172
174
175
176
177
178
179
180
181
182
183
184
188
189
191
192
198
199
201
202
203
204
205
206
207
208
209
210
211
215
216
218
219
220
221
234
235
236
237
238
239
244
245
246
247
248
256
257
273
274
276
279
292
294
295
300
301
302
320
321
322
323
345
346
347
348
349
350
363
368
369
371
372
373
374
375
376
392
395
396
397
398
409
420
425
426
428
436
447
448
451
452
453
464
475
479
487
488
490
495
501
515
516
518
529
530
538
542
543
544
566
595
596
597
603
614
654
663
677
684
685
687
689
690
691
696
708
709
711
712
715
717
718
719
720
736
741
742
745
746
747
748
773
774
43
46
47
49
62
63
64
65
66
67
68
70
71
73
77
78
89
90
103
117
118
119
138
146
151
166
167
172
176
177
178
179
202
203
204
205
206
224
229
230
231
232
233
247
256
257
258
259
260
265
268
274
275
276
277
278
286
288
296
298
302
303
304
305
306
307
309
311
312
323
325
326
330
331
332
333
334
335
339
340
353
359
360
361
362
363
389
390
399
401
416
422
426
427
428
430
432
434
435
436
437
445
447
454
455
456
457
458
459
463
464
469
470
473
483
484
485
486
487
490
491
497
498
507
508
512
513
516
518
519
522
531
533
535
536
553
554
555
559
563
564
566
573
591
594
595
597
614
621
622
623
624
625
630
639
641
651
652
653
654
655
656
660
661
704
705
706
707
708
717
724
732
733
734
735
736
740
745
750
768
778
34
35
36
39
40
42
45
46
47
48
49
61
62
63
64
70
71
72
74
77
102
104
105
106
107
108
115
116
128
129
132
133
134
135
136
142
156
160
161
162
163
164
171
172
185
188
189
190
191
192
193
197
199
200
202
209
212
213
216
217
218
219
220
221
227
228
235
236
237
239
240
241
244
245
246
247
248
249
256
261
262
263
264
267
268
269
272
273
274
275
276
277
278
279
284
288
289
290
291
292
294
295
296
297
299
300
301
302
303
304
309
311
313
315
316
320
321
322
323
326
327
328
329
330
331
332
338
346
348
349
350
353
354
358
362
365
366
368
369
370
371
372
373
390
400
413
414
415
416
417
425
441
442
443
444
446
452
453
470
471
472
473
486
487
499
500
514
515
518
525
527
588
610
611
619
638
639
646
665
666
667
670
676
678
692
705
706
707
708
716
740
742
745
770
771
774
64
65
66
67
71
74
76
79
80
93
98
99
100
101
105
106
109
122
123
124
125
127
128
136
137
138
150
155
164
165
179
186
193
198
203
214
215
217
218
224
231
243
246
251
257
258
265
266
277
278
285
286
296
297
306
312
313
314
316
319
323
324
325
334
335
338
340
341
343
348
349
350
351
352
353
361
362
363
366
367
375
376
377
378
379
390
391
394
395
397
398
399
400
401
403
404
416
418
419
424
425
427
428
429
430
434
435
444
447
453
454
455
456
462
463
464
471
472
474
480
481
483
488
489
490
491
492
499
501
517
518
519
527
529
530
531
542
543
545
546
554
558
570
584
585
586
611
612
614
620
639
640
642
646
647
648
649
663
666
667
670
684
691
692
711
712
715
716
717
718
719
735
736
737
738
739
740
741
742
743
745
746
747
748
749
760
763
764
765
766
767
769
770
771
772
773
774
775
41
45
47
48
59
60
106
132
133
134
144
148
178
182
183
193
201
210
211
216
225
226
227
229
238
249
253
256
266
275
276
277
280
282
290
291
292
304
308
309
310
311
318
319
320
322
333
337
338
340
346
347
348
350
361
363
366
368
374
375
377
378
390
391
394
397
401
402
405
406
408
415
416
418
422
427
433
435
436
443
445
461
462
464
473
475
497
499
501
516
525
529
530
531
533
535
544
547
552
557
558
572
580
583
584
585
586
595
611
614
619
620
622
635
639
640
641
642
648
658
659
666
667
668
669
678
679
680
681
686
693
695
696
706
707
708
709
710
714
719
720
724
733
734
735
736
737
738
739
741
742
743
746
748
767
769
778
779
65
66
71
73
76
77
79
93
94
99
100
101
102
103
104
107
108
116
117
118
120
121
130
131
132
139
144
145
151
165
166
178
179
201
204
206
214
219
234
240
241
242
247
276
277
304
305
306
310
323
325
331
333
334
348
350
351
352
353
354
356
357
358
359
362
366
375
376
378
379
380
381
384
386
387
390
408
411
412
423
428
429
430
439
443
444
445
453
457
471
473
499
514
527
530
536
546
553
554
566
574
581
582
609
610
614
638
646
647
655
656
657
658
659
660
675
679
680
681
682
683
684
685
686
687
688
689
690
691
705
715
719
723
724
733
734
735
736
737
742
770
772
773
775
776
777
39
66
67
68
69
70
71
72
73
104
105
106
133
134
135
136
137
138
162
164
165
182
191
192
193
213
219
220
221
222
225
233
234
238
239
241
248
249
260
261
267
276
277
292
293
304
305
309
320
321
322
324
332
333
334
339
341
342
343
344
345
346
347
348
349
350
353
366
369
370
371
372
373
374
375
376
377
396
397
398
399
400
401
402
409
423
424
425
426
427
431
439
447
451
452
453
459
479
480
501
502
512
519
529
530
531
534
541
543
545
548
557
558
572
595
601
621
640
646
647
652
656
661
665
668
675
689
690
691
692
696
703
714
715
717
718
719
720
721
722
723
732
733
735
736
737
741
742
745
746
748
749
760
761
762
763
764
765
766
767
768
769
771
44
45
72
74
76
77
80
91
92
97
98
99
100
101
102
106
107
108
121
122
123
124
125
126
127
128
129
130
131
132
133
134
135
137
149
150
153
154
155
156
162
163
164
167
181
182
183
184
188
190
191
197
201
209
210
211
215
225
229
237
238
247
253
261
265
266
269
274
275
282
286
293
294
300
301
302
304
306
309
310
312
313
317
321
322
328
329
330
331
332
333
334
335
339
340
348
350
352
361
362
363
366
368
376
381
382
383
385
390
394
409
411
418
422
444
445
470
471
473
474
484
492
496
497
498
499
503
511
512
523
524
525
526
527
529
538
539
543
553
554
555
556
565
566
573
574
578
581
583
584
593
594
597
620
635
647
648
654
663
665
669
670
675
676
697
704
705
711
719
733
734
735
736
737
738
739
740
741
742
743
745
746
747
748
749
750
766
767
769
770
773
774
775
42
44
46
48
66
67
68
69
70
71
74
75
76
80
86
90
91
92
93
94
97
98
103
107
108
114
119
120
121
122
139
156
160
161
166
189
219
233
242
249
253
270
285
308
310
338
342
354
360
361
362
365
366
369
372
374
386
387
388
390
394
397
398
409
418
425
426
433
437
469
472
473
491
493
496
497
498
500
501
508
525
527
528
531
533
553
554
555
556
580
581
582
583
584
592
597
598
599
609
610
611
626
636
637
638
639
642
646
666
667
670
676
677
693
704
705
733
734
735
736
737
738
739
741
742
744
763
764
766
767
768
769
770
771
772
773
774
775
64
66
67
68
71
72
86
94
95
96
97
98
108
119
120
121
122
123
124
125
128
145
147
156
157
158
159
160
161
165
166
197
203
267
277
283
306
311
312
313
322
328
330
340
341
349
350
358
359
384
411
418
444
446
450
454
462
463
472
474
481
482
489
490
491
495
500
501
502
515
516
517
518
528
529
530
544
556
557
563
564
568
569
573
584
585
591
592
596
597
598
599
600
601
602
611
612
618
619
623
624
625
626
627
628
629
640
642
646
647
648
649
651
652
653
654
655
656
666
667
675
676
680
681
684
687
688
689
690
704
708
711
712
720
732
735
736
737
45
46
47
48
49
67
69
70
75
76
77
78
79
98
109
119
124
137
146
147
151
152
156
170
174
175
176
177
178
192
197
199
202
203
206
210
227
229
230
231
232
233
234
238
242
248
253
257
258
259
260
261
262
263
269
270
271
273
274
275
276
285
286
287
288
290
293
299
301
302
303
304
305
306
312
313
314
316
321
326
328
329
330
331
332
333
334
338
340
341
342
347
348
349
351
355
356
357
360
361
362
367
368
374
375
378
379
384
389
390
395
396
401
402
403
404
406
407
416
417
418
422
427
434
441
447
466
467
468
469
474
478
494
495
497
501
502
504
530
533
538
557
558
563
569
570
574
591
592
593
594
600
614
618
619
642
646
647
648
649
650
651
652
653
654
655
666
676
677
679
681
692
693
708
711
712
713
714
715
716
717
720
733
734
735
736
737
740
741
742
745
746
768
40
41
46
47
49
75
78
92
93
104
114
120
133
135
136
144
146
147
148
192
193
197
199
200
224
225
228
249
250
251
256
257
276
277
282
285
304
305
310
311
312
330
333
334
338
339
340
341
349
358
363
366
367
376
388
390
394
395
401
418
423
430
446
447
473
474
475
501
502
529
530
553
554
558
559
578
582
583
586
610
647
648
654
666
675
681
682
683
684
685
693
694
704
723
724
732
733
740
752
760
776
778
73
74
75
76
95
105
107
134
147
153
154
171
172
174
177
178
179
180
182
183
184
197
198
199
200
212
214
225
227
239
243
244
246
250
252
256
258
266
269
274
276
277
278
280
300
304
311
331
332
341
342
343
344
345
346
347
348
349
350
357
358
359
360
364
368
369
370
371
373
375
376
384
385
386
387
388
396
397
398
400
404
424
425
426
428
453
454
482
507
513
525
552
553
563
566
567
578
579
587
591
594
620
622
623
624
642
650
651
675
676
677
678
685
687
691
707
708
709
710
711
712
714
715
716
717
719
721
722
732
733
735
736
737
738
739
741
742
745
746
747
760
761
764
765
766
769
770
772
773
40
41
47
48
49
62
63
67
68
69
70
74
75
76
77
78
86
95
98
99
103
105
106
107
114
121
122
126
128
129
131
132
133
134
135
138
139
145
159
160
161
163
164
165
167
173
174
190
191
192
193
199
202
218
219
220
221
249
250
256
257
266
267
279
284
285
293
294
295
296
305
306
307
310
311
312
323
330
335
339
340
358
361
362
363
366
368
371
377
386
388
389
390
394
395
396
399
404
406
414
415
416
418
424
428
432
433
444
459
461
474
501
502
503
529
530
534
584
585
593
605
612
614
621
646
660
662
665
670
688
697
732
734
735
747
748
768
75
97
98
99
103
104
114
118
123
124
125
126
154
155
167
171
173
176
181
182
183
184
185
186
190
191
192
197
199
200
204
210
211
212
213
214
219
220
221
230
243
247
248
249
250
253
270
271
275
276
278
286
287
288
292
293
294
295
298
299
303
304
305
312
319
320
321
322
326
327
328
341
344
346
347
348
349
355
356
360
368
369
370
376
387
388
397
400
401
402
416
422
425
426
429
439
444
445
451
467
468
473
482
483
494
495
496
518
524
525
552
553
567
580
581
619
630
647
648
677
679
680
687
722
723
735
736
737
738
741
742
745
746
748
765
766
770
73
74
75
93
94
100
104
114
115
134
135
148
149
170
184
189
190
197
208
210
217
218
219
220
232
246
247
248
249
255
259
264
275
276
277
278
283
290
291
292
293
296
297
299
300
303
304
305
311
313
317
318
319
324
325
326
327
328
331
332
333
345
350
351
353
360
366
378
384
387
388
394
396
397
405
406
411
415
416
424
425
426
427
428
433
434
444
445
446
452
453
455
456
461
472
473
482
483
484
485
486
489
500
501
506
508
510
511
512
513
514
515
516
527
528
540
541
542
543
544
545
555
556
568
569
570
571
572
573
583
584
586
591
592
594
600
610
611
612
614
619
620
621
622
638
639
640
646
647
648
649
666
675
676
677
705
708
709
710
733
736
737
738
739
741
742
743
744
745
746
748
749
750
760
761
770
771
772
773
774
13
34
40
43
44
45
46
47
48
60
62
63
64
65
66
67
68
69
70
71
72
73
74
75
76
77
78
79
90
97
98
100
101
107
126
127
128
129
135
136
137
139
149
150
151
159
162
163
164
166
167
172
173
174
176
177
178
192
193
195
199
200
201
202
203
204
205
220
221
224
228
229
237
249
251
256
257
265
266
270
284
288
293
294
305
307
316
317
322
335
347
348
350
359
363
367
368
378
387
388
405
406
413
422
433
434
451
459
473
503
506
507
509
534
535
537
538
554
562
565
566
590
593
598
600
601
602
611
612
621
628
629
636
637
639
647
654
663
664
665
675
676
677
679
693
694
704
705
719
722
735
736
737
738
739
740
741
742
743
745
746
748
752
766
767
768
770
772
778
44
45
66
68
72
91
92
93
96
97
99
100
101
102
106
107
114
120
121
126
133
134
135
139
143
144
146
156
166
169
172
184
197
210
218
219
220
225
226
248
249
252
276
277
280
281
293
294
320
321
322
323
333
337
338
347
348
349
363
366
367
375
376
390
400
401
402
403
404
409
418
425
428
429
430
431
437
444
447
456
457
458
459
460
472
473
475
485
486
487
488
503
508
513
515
526
527
538
542
554
555
558
559
563
564
565
566
570
581
582
583
591
592
599
601
611
614
619
639
646
647
648
668
675
689
696
708
709
712
719
723
724
743
744
746
747
748
760
764
770
771
34
35
36
46
47
48
49
62
63
64
74
87
88
90
103
104
117
137
144
145
156
157
158
159
172
176
177
192
193
194
201
203
204
224
228
229
230
256
257
258
271
283
284
290
296
305
312
323
324
325
350
351
352
353
358
360
372
378
379
380
387
388
389
390
391
395
396
397
398
406
407
413
414
416
417
418
423
427
428
429
430
434
442
444
446
454
455
456
457
458
459
469
470
474
475
482
483
484
485
497
498
500
501
502
503
510
511
512
513
515
525
526
527
528
530
531
538
539
540
543
553
554
555
558
564
565
566
567
568
573
581
585
586
591
592
593
594
595
596
597
600
601
602
603
610
619
621
622
623
624
625
629
630
631
632
633
648
650
651
657
658
659
660
661
662
663
669
675
676
677
685
686
687
688
689
690
691
692
693
694
696
704
705
708
709
710
711
712
713
714
715
716
717
718
719
720
721
722
723
724
737
738
741
742
743
744
745
747
770
773
47
48
49
59
60
78
87
88
92
97
104
105
106
107
133
135
138
148
149
150
151
177
178
188
201
204
205
211
214
219
228
232
233
240
242
245
246
248
249
251
253
256
260
276
277
278
284
285
294
298
303
304
305
310
311
322
323
331
332
333
334
342
350
359
362
370
371
386
392
396
398
399
414
415
416
423
441
442
443
444
445
446
469
470
471
472
473
474
497
498
499
500
504
507
521
524
525
526
527
528
531
535
549
550
552
553
554
555
561
562
563
564
573
577
579
580
581
582
583
589
591
607
608
609
610
611
618
621
630
634
635
636
637
638
639
642
646
657
661
662
663
664
665
666
670
684
685
689
690
691
692
693
694
695
704
711
712
714
716
717
731
735
736
737
738
739
740
741
742
743
744
745
746
747
749
760
767
768
770
771
772
773
774
92
94
99
100
105
106
107
120
121
128
135
143
169
171
197
199
200
221
239
248
249
254
255
259
266
267
268
276
291
292
295
296
297
304
313
316
317
318
319
320
330
331
341
342
347
358
359
361
368
383
386
389
394
422
430
441
442
446
450
454
455
456
471
472
474
478
480
483
497
499
503
506
507
515
525
526
527
529
549
553
554
557
563
576
578
621
642
646
664
666
675
678
688
690
691
692
708
715
716
717
721
733
740
749
770
48
65
66
68
69
70
80
86
91
92
93
94
95
96
97
98
100
118
119
120
121
122
123
124
135
136
142
144
145
146
156
161
162
163
164
165
171
172
174
183
189
190
191
192
197
199
200
218
219
220
221
232
236
244
245
247
248
249
258
259
260
261
262
263
264
265
275
276
278
285
286
287
288
289
290
291
292
293
298
302
303
304
305
310
312
313
314
315
316
317
318
319
320
322
325
326
329
333
334
335
340
341
342
343
349
350
354
360
361
368
372
373
374
375
376
377
382
384
388
389
390
398
399
400
401
402
404
406
413
416
417
418
419
423
425
426
427
428
429
434
444
446
447
450
451
452
453
454
455
456
457
471
472
473
474
475
478
482
515
520
521
525
529
531
533
539
540
543
544
548
549
557
558
559
589
591
592
612
614
618
619
639
646
647
692
718
719
721
722
739
740
742
743
746
747
748
769
770
771
34
35
44
45
46
47
48
59
60
62
63
64
65
66
67
68
69
70
71
72
76
77
78
86
90
92
93
94
95
96
97
98
99
100
114
116
117
118
120
121
134
135
136
137
151
152
153
154
161
162
163
164
165
178
179
180
181
191
192
193
198
199
205
206
220
221
222
224
227
228
237
242
247
248
249
254
255
256
264
265
266
269
270
283
284
289
290
291
292
293
296
297
305
306
310
311
312
317
319
322
323
324
325
329
330
331
333
334
338
340
348
349
350
359
360
361
362
363
371
376
377
381
382
383
387
389
390
396
399
404
422
423
424
434
435
446
451
471
482
488
501
506
507
509
516
522
523
528
529
534
535
550
555
556
563
581
582
583
601
602
609
611
619
620
639
640
642
647
648
649
651
652
655
666
670
713
714
718
719
735
736
737
738
741
742
743
745
746
747
748
749
750
751
763
764
766
770
771
772
773
774
775
63
65
66
67
70
71
72
73
74
75
76
77
78
79
90
91
107
115
116
117
118
120
128
142
144
200
228
233
247
249
269
279
281
282
296
297
302
305
306
309
310
337
338
362
363
366
377
379
380
394
405
406
407
408
418
433
434
435
436
443
447
450
454
461
462
463
473
478
507
508
509
525
529
531
533
535
536
537
557
563
564
565
578
580
581
584
591
592
593
594
606
607
608
619
620
636
637
647
658
662
663
664
665
666
677
690
691
693
713
724
732
747
773
779
47
48
49
66
67
68
69
70
71
74
75
81
87
88
94
96
99
102
103
115
135
139
147
151
154
155
156
157
169
174
175
176
177
197
199
202
203
204
220
225
229
230
231
232
234
238
239
248
255
257
258
259
260
262
266
267
274
279
282
285
286
287
290
291
305
307
310
311
312
313
314
315
317
318
321
330
333
334
339
340
341
343
346
347
361
362
363
366
367
368
369
370
374
375
382
383
388
396
397
398
404
409
415
418
425
426
430
444
451
452
472
475
479
483
484
485
495
500
504
510
511
512
513
515
516
528
529
530
533
540
543
544
552
555
556
557
565
583
584
585
603
606
608
612
613
633
636
649
650
664
675
689
690
691
692
694
708
709
710
712
732
733
734
735
745
747
749
750
777
39
40
44
45
46
48
49
50
62
63
64
65
66
67
68
69
70
71
77
78
79
86
92
93
94
95
96
97
98
106
114
115
116
120
121
122
123
124
126
134
135
136
150
156
162
163
164
182
183
190
191
192
209
211
216
217
218
219
220
221
237
241
245
246
247
248
249
255
256
267
268
269
276
277
278
279
283
287
294
295
296
304
305
306
307
310
312
313
320
321
322
323
337
339
340
348
359
360
363
366
367
372
387
388
390
394
405
418
422
433
434
437
441
445
447
461
462
473
475
501
503
529
530
534
537
550
558
566
570
571
575
591
598
601
602
605
614
616
619
629
670
676
677
678
679
681
696
703
704
705
719
722
732
746
748
751
765
771
44
45
46
47
48
63
64
65
68
69
70
71
72
80
92
104
106
119
129
130
138
139
143
144
146
147
163
164
165
166
171
172
173
174
180
191
192
199
200
201
202
209
210
218
220
221
227
228
229
240
256
269
270
271
272
277
278
279
283
284
285
297
298
299
300
306
311
312
325
326
327
328
331
332
339
341
353
354
355
358
359
366
370
373
374
378
381
382
383
389
390
391
397
398
401
402
403
404
406
407
409
410
411
417
418
425
426
427
429
430
433
434
437
438
439
445
446
447
454
455
456
460
461
462
465
466
467
473
474
475
481
483
484
487
488
489
490
492
493
494
501
503
509
510
514
515
516
517
520
521
526
529
531
543
544
545
557
558
559
570
571
572
578
585
600
601
602
606
607
611
612
613
614
619
620
652
654
675
678
679
680
681
682
689
691
692
693
694
695
696
707
708
709
710
712
713
715
716
717
718
719
720
721
722
723
733
742
743
744
745
746
34
35
36
40
41
45
47
48
49
50
60
65
66
67
68
69
70
71
73
76
77
80
87
93
94
95
104
118
121
122
132
138
173
178
179
180
181
206
211
212
219
232
236
238
240
256
258
267
274
275
277
284
294
302
303
310
311
312
322
329
330
331
332
334
335
339
340
341
347
348
349
357
359
366
367
368
375
376
377
388
391
403
404
408
417
418
422
423
431
432
435
436
437
444
445
446
447
462
463
464
465
466
469
470
471
472
473
474
475
487
490
491
492
493
494
497
504
507
508
516
520
522
528
533
535
536
547
558
563
564
572
573
574
580
582
586
597
598
599
600
601
602
603
604
605
613
625
626
627
628
629
630
631
632
633
656
657
658
659
660
661
667
685
688
689
693
703
708
709
717
719
732
734
735
736
737
738
741
742
743
744
745
746
747
748
749
750
764
765
767
768
769
770
771
772
773
774
775
47
49
67
68
69
87
88
92
93
95
99
100
102
103
104
105
117
118
124
125
131
133
134
146
148
149
150
151
161
162
166
171
172
173
176
177
191
192
193
195
198
199
208
219
220
221
226
235
247
250
262
266
267
268
275
276
277
278
280
294
295
303
304
306
310
312
321
322
323
325
332
333
334
348
349
350
351
365
366
368
376
377
378
396
404
405
418
432
439
440
441
443
446
451
452
453
455
463
468
469
471
474
479
480
484
488
494
499
501
502
521
522
523
525
529
530
536
562
568
569
582
583
589
591
595
596
609
614
618
636
637
646
647
660
662
675
685
687
697
722
723
724
736
737
742
744
747
749
765
766
769
770
773
774
775
66
70
73
79
87
92
93
94
121
125
126
132
144
149
164
199
217
222
225
249
250
257
274
275
276
277
278
285
288
299
300
302
303
304
305
307
310
311
312
313
326
327
331
332
333
334
339
340
341
349
350
357
361
365
366
367
368
369
370
376
377
378
379
384
385
386
387
388
395
396
397
398
399
400
403
404
405
406
407
411
412
413
414
415
416
425
426
427
428
429
432
433
434
440
441
454
455
456
457
458
460
468
469
471
480
483
484
485
486
487
488
493
496
497
510
513
514
515
516
517
520
521
524
525
526
527
537
538
543
544
545
552
553
554
564
565
566
567
573
580
581
582
583
585
589
592
594
595
607
608
609
610
634
635
636
637
638
642
647
663
664
665
666
675
691
692
693
709
713
718
722
723
736
744
745
749
760
761
762
763
764
765
766
769
773
776
38
39
41
42
43
44
45
46
47
48
49
67
69
70
71
77
95
96
104
107
126
128
129
139
144
145
146
159
163
166
167
171
172
173
174
175
182
185
192
197
199
200
201
202
203
212
228
229
256
257
279
282
284
297
305
306
311
314
332
343
346
350
359
360
363
377
378
394
403
404
405
417
422
423
424
433
440
441
442
443
445
446
451
452
467
468
469
470
471
472
473
494
495
497
498
499
502
506
507
511
522
533
535
536
537
538
539
563
564
567
585
642
666
667
668
670
675
676
677
694
704
732
735
736
742
745
751
760
767
768
41
46
47
48
72
73
74
75
76
77
78
79
86
94
96
97
101
102
103
109
114
119
120
122
123
124
125
129
142
150
162
167
171
177
178
197
218
219
236
239
240
241
248
256
257
266
267
268
269
270
283
284
294
296
297
306
307
309
311
312
313
318
319
320
333
335
339
340
341
346
347
356
357
358
361
362
367
368
369
370
374
375
384
385
388
390
394
396
397
398
402
403
418
423
444
445
446
463
464
473
474
475
481
482
491
503
516
525
526
527
528
531
533
536
538
544
554
555
563
564
565
566
567
586
591
592
595
607
608
609
614
619
620
623
636
637
642
647
648
649
650
689
723
732
733
740
778
69
70
71
121
122
124
133
134
136
137
145
161
162
164
165
167
183
184
185
193
207
211
212
225
235
236
239
240
250
253
264
267
268
279
295
296
313
324
333
334
340
341
342
348
349
360
361
363
368
369
370
376
377
389
390
396
398
399
402
403
404
416
417
418
422
424
425
429
430
431
444
445
453
456
457
458
459
471
472
473
474
485
486
489
499
500
501
504
508
527
528
530
535
536
540
544
554
555
557
562
563
564
567
582
591
595
596
608
610
621
627
646
655
662
676
677
684
704
705
706
707
708
715
716
733
734
735
736
741
742
743
746
766
767
769
770
771
776
777
778
34
39
40
46
47
48
49
60
62
63
69
70
75
76
77
78
79
88
90
99
102
104
105
106
107
114
133
135
136
138
139
142
166
171
173
177
180
191
192
193
199
201
219
220
221
248
249
275
276
277
289
299
304
327
332
355
369
370
373
380
381
382
387
390
391
397
398
399
400
401
408
409
418
422
423
425
427
428
429
436
443
446
447
456
464
470
474
475
499
507
531
533
557
561
563
571
583
584
591
594
599
603
611
612
621
629
631
632
657
658
659
660
664
666
668
678
682
683
684
685
689
693
697
705
706
707
708
709
714
717
718
719
723
724
733
734
735
736
737
738
742
743
744
745
746
748
763
764
769
770
771
772
773
774
71
72
73
74
75
86
94
95
96
97
98
99
105
106
114
119
120
124
135
137
146
147
148
150
173
174
175
176
177
184
185
203
204
212
219
232
233
236
240
247
248
249
257
260
268
276
277
278
286
287
289
292
293
294
296
297
301
302
303
304
305
306
316
320
321
322
324
325
330
331
332
333
334
343
348
349
350
354
355
359
360
361
363
370
371
376
378
379
382
383
398
405
406
407
410
414
418
430
433
434
436
441
442
443
446
455
456
457
460
461
464
467
468
469
471
472
473
483
484
487
488
499
500
501
514
515
516
525
526
527
528
529
535
536
537
538
553
554
555
556
563
564
565
571
581
582
585
591
592
593
609
610
628
637
656
657
658
665
666
667
675
676
684
689
704
705
706
707
708
709
716
735
738
741
742
743
773
774
49
67
71
72
73
74
75
76
77
78
102
107
128
131
133
135
151
159
160
163
178
221
222
254
257
285
302
310
311
312
327
328
329
330
331
338
347
348
350
355
356
357
358
359
360
361
362
366
376
377
384
385
386
387
388
389
390
415
416
418
443
446
469
474
479
501
502
514
529
530
565
578
579
580
593
594
595
606
607
608
609
622
631
633
635
636
637
640
648
663
664
667
670
678
680
681
709
720
721
722
723
739
741
742
764
775
43
44
45
66
69
70
71
72
73
74
87
89
93
94
95
96
97
98
99
100
101
107
108
115
120
121
122
124
125
126
127
129
136
137
138
139
143
145
146
156
160
163
165
166
167
171
191
199
201
202
211
215
219
221
223
243
267
270
279
285
286
287
292
295
296
303
307
311
314
320
323
333
339
341
349
350
351
352
357
362
363
366
367
378
379
384
385
388
390
395
396
399
405
406
407
415
416
418
424
425
432
433
434
435
444
445
446
453
454
457
460
461
462
463
466
470
471
472
473
479
481
482
483
484
485
486
489
490
492
493
494
503
507
508
509
510
511
512
513
514
517
518
520
521
522
523
526
527
528
529
530
534
537
538
539
540
541
542
546
547
548
549
550
551
552
553
554
555
556
559
561
565
566
567
568
569
575
576
577
578
579
580
583
603
604
605
606
607
608
613
621
622
623
632
633
634
635
642
646
647
649
650
651
652
660
661
662
663
664
670
677
678
679
680
688
689
690
691
692
696
703
704
705
708
713
715
716
717
718
719
720
721
737
739
740
753
760
761
41
43
44
47
48
49
60
72
73
74
75
76
77
78
94
96
99
118
119
120
121
122
123
124
125
126
127
128
129
130
146
147
152
154
156
158
172
174
175
176
188
190
191
192
193
194
197
200
201
202
203
211
214
216
217
218
219
220
221
222
223
228
229
230
238
239
240
241
242
243
244
245
246
247
248
249
250
255
268
271
272
276
277
279
295
296
297
298
299
300
301
303
305
306
311
322
323
324
325
326
327
328
329
330
331
332
334
339
340
352
353
354
355
356
357
358
359
360
361
367
384
385
386
387
388
389
390
395
404
414
415
416
418
422
423
432
442
446
451
452
454
459
474
475
478
480
486
501
506
507
528
529
530
531
535
543
551
555
557
558
563
580
586
591
600
602
608
609
610
618
636
648
667
668
670
676
689
690
695
696
704
705
706
707
708
716
717
718
719
720
721
722
723
724
735
739
740
741
743
744
745
748
749
750
770
65
66
67
70
71
72
73
75
76
77
78
91
102
103
115
117
118
119
120
135
147
148
149
150
151
152
154
158
159
163
164
170
175
176
177
178
179
180
219
225
228
239
240
241
242
247
248
251
253
262
263
264
265
266
267
268
269
270
276
277
279
291
292
293
294
295
296
302
303
304
305
306
307
309
310
311
312
321
322
323
330
331
332
333
334
337
338
340
352
363
365
366
380
391
393
394
406
407
408
417
433
434
435
436
444
461
462
481
489
504
507
509
528
533
534
535
555
556
561
563
565
580
581
582
589
591
608
609
610
611
622
635
636
637
648
663
664
665
670
676
677
681
705
711
712
719
724
732
736
737
738
739
740
741
742
743
744
745
746
747
748
749
750
764
766
769
770
773
774
40
47
48
49
50
59
60
87
92
93
95
96
97
100
119
120
121
122
123
135
147
148
149
150
151
169
173
174
175
176
177
178
179
180
197
200
201
202
203
204
205
206
219
229
230
231
232
233
248
251
255
257
258
259
260
276
277
283
284
285
286
294
295
296
298
303
304
305
311
312
321
322
323
324
328
331
332
333
334
339
349
350
353
357
359
366
367
369
378
415
417
423
439
444
445
446
453
467
469
470
473
481
488
495
497
498
504
507
516
522
523
524
525
526
527
535
550
551
552
553
554
555
563
578
579
580
581
582
590
591
605
606
607
608
609
610
613
618
632
633
634
635
636
637
646
661
662
674
675
676
678
679
695
704
709
710
716
717
720
732
733
734
739
740
742
743
744
745
746
747
760
761
768
66
73
75
76
77
78
92
96
106
109
115
139
172
173
174
199
201
202
203
225
229
247
253
256
279
281
305
306
309
310
311
312
320
332
333
338
339
349
352
357
358
359
361
362
363
366
367
379
380
381
383
385
386
390
394
408
409
415
416
418
425
426
429
430
431
436
437
444
451
453
456
457
458
459
472
473
475
481
482
486
487
495
501
504
510
522
526
529
530
531
556
557
558
568
583
590
613
614
618
642
647
648
670
674
675
676
709
712
723
724
732
733
734
766
769
44
66
68
69
93
96
97
102
104
105
119
120
121
122
123
124
125
126
127
128
129
133
135
145
151
152
153
154
155
156
157
158
159
160
161
165
173
178
179
180
181
182
183
184
185
186
187
188
209
210
211
212
214
220
248
249
263
266
267
268
276
292
293
294
295
296
310
317
320
321
324
325
334
341
358
359
366
369
377
387
394
397
406
415
416
418
422
431
438
439
440
442
443
467
494
499
501
504
515
529
531
543
551
563
578
579
580
582
583
591
592
600
601
603
604
605
606
607
608
610
611
619
621
622
623
624
625
626
627
628
629
632
633
634
636
639
640
646
647
652
653
655
656
657
659
660
661
664
666
667
684
687
689
690
696
704
705
713
714
734
36
38
39
40
42
46
47
48
62
63
64
65
66
67
70
76
77
78
79
90
93
103
104
105
106
107
114
115
117
118
120
121
126
148
149
180
188
189
190
191
204
207
208
215
216
217
218
219
221
227
235
243
244
245
246
247
263
264
265
273
274
275
277
282
291
292
302
311
314
319
320
321
334
339
362
367
369
387
397
398
401
403
404
408
414
417
428
430
431
432
442
445
454
459
460
463
464
465
473
474
484
491
492
493
496
497
501
511
512
519
520
521
522
529
534
547
548
550
555
562
586
606
607
608
620
626
633
634
635
648
649
655
657
659
660
661
675
676
677
678
682
692
707
708
709
740
741
750
768
778
44
45
64
65
66
67
69
70
71
72
73
74
75
76
77
78
79
80
93
105
110
119
124
136
137
138
150
151
165
176
177
191
193
204
221
248
249
250
251
268
269
270
276
277
278
283
293
294
303
304
310
313
321
322
337
338
342
359
361
366
370
380
383
394
398
399
408
416
418
424
425
426
430
436
443
444
447
452
471
472
474
475
490
491
501
510
518
521
529
537
546
549
550
551
596
597
598
603
621
624
625
646
650
662
675
676
686
692
695
696
710
719
720
721
732
733
734
740
745
749
765
766
769
35
37
43
44
45
46
47
48
49
59
60
62
63
64
66
67
68
74
75
76
77
78
79
87
88
89
90
91
92
93
94
95
96
98
117
118
119
120
121
122
134
137
165
166
169
171
172
176
177
178
183
184
185
187
189
192
199
200
203
205
206
212
213
214
215
216
217
218
227
228
233
235
236
240
242
243
261
262
263
264
270
271
279
283
289
290
291
294
295
296
297
304
305
307
310
317
322
323
324
335
338
339
348
349
350
361
366
368
374
375
376
414
416
422
425
426
435
444
445
452
453
456
457
458
466
468
473
479
480
481
492
503
509
510
517
518
519
520
521
524
529
537
538
540
542
543
544
545
546
547
551
552
557
561
569
570
571
572
573
574
575
579
584
589
592
599
600
608
611
612
614
618
620
621
622
635
636
637
638
639
640
642
646
650
651
657
659
660
661
662
663
664
666
667
668
670
676
678
679
680
682
683
684
685
686
687
688
689
690
691
692
694
695
704
705
706
707
708
709
710
711
712
713
714
715
716
717
718
719
720
721
723
724
733
734
735
736
737
738
739
740
741
742
743
745
746
747
749
750
761
767
768
770
47
49
68
69
70
76
78
94
95
96
101
102
104
106
118
119
120
136
137
139
144
145
146
147
148
151
165
172
173
174
175
179
180
183
184
200
207
210
224
232
234
235
236
247
248
249
250
263
264
269
270
276
277
278
290
291
292
293
304
306
310
316
319
320
323
332
334
341
348
351
352
360
361
368
387
388
389
390
396
398
401
410
416
417
418
424
425
426
427
440
444
445
446
447
452
458
460
473
474
475
485
486
487
488
501
502
503
504
513
531
540
541
552
553
558
559
568
569
570
571
572
597
598
599
614
647
653
654
670
674
675
676
677
683
684
685
689
692
693
694
695
705
708
717
719
720
732
733
734
735
736
737
738
742
743
746
748
749
760
761
770
774
41
43
66
69
79
87
92
93
96
97
104
115
117
118
119
120
121
130
136
137
145
152
165
170
180
198
218
219
225
243
245
248
249
250
251
252
267
276
277
278
280
282
295
304
305
308
309
310
320
329
333
334
358
360
363
367
386
387
388
390
394
415
416
417
418
444
445
473
474
475
500
501
503
509
515
516
517
524
527
528
529
533
557
586
591
598
614
625
642
647
662
667
675
696
710
711
713
714
716
719
736
737
738
739
740
741
742
745
746
748
749
751
767
768
38
39
46
70
71
72
73
92
93
94
95
96
104
115
120
151
156
157
161
162
163
171
178
179
181
182
183
187
188
189
190
191
192
208
209
210
215
216
217
218
219
220
235
236
237
247
248
275
283
296
297
302
304
311
321
322
323
324
325
328
332
333
338
339
340
346
350
351
352
353
360
361
362
363
367
368
373
374
375
386
387
388
389
390
401
402
403
404
417
418
424
429
430
431
432
440
445
446
452
473
474
479
480
490
495
500
501
503
507
509
517
518
528
529
531
533
536
537
545
546
557
558
561
571
572
586
610
614
626
642
646
647
653
663
675
676
677
705
706
708
709
710
711
712
713
714
719
720
737
738
739
740
741
742
743
744
745
746
747
748
749
750
751
760
761
770
771
772
773
774
777
778
43
44
45
46
48
49
50
60
64
65
66
67
68
69
70
71
72
76
77
78
80
81
87
88
92
93
115
120
121
138
145
151
152
162
163
173
174
176
179
193
199
219
220
232
248
249
250
252
253
274
276
277
278
280
302
307
310
311
312
313
321
335
338
339
340
341
350
351
352
365
366
368
378
379
394
398
417
418
425
426
437
442
443
444
445
446
465
473
474
475
501
503
506
527
528
529
531
533
543
554
555
556
557
558
561
571
582
583
584
585
588
591
610
611
612
614
637
638
639
640
642
665
666
667
668
670
676
677
678
679
690
693
694
695
696
705
708
709
710
711
735
736
737
738
741
742
743
745
746
747
749
750
760
765
766
769
770
771
772
773
774
775
777
65
66
67
68
70
71
72
73
87
92
93
96
99
107
114
126
127
135
142
144
145
154
166
174
178
193
197
203
205
221
225
234
235
248
249
253
276
277
279
283
284
285
286
289
290
291
292
293
299
307
311
312
313
314
315
316
317
318
319
320
321
326
332
334
339
340
341
342
343
344
345
346
347
348
353
367
368
369
370
371
372
373
376
377
378
388
396
397
401
402
403
404
405
406
416
418
419
425
426
427
428
429
430
431
432
433
434
443
444
446
447
453
454
455
456
457
458
459
460
461
471
472
473
475
481
482
483
488
501
507
509
529
530
531
549
557
558
559
561
585
586
613
627
634
639
649
662
663
664
670
690
691
695
707
708
720
721
738
740
748
764
765
766
767
771
772
46
47
48
49
50
60
69
70
71
74
75
76
86
102
103
104
105
110
118
133
135
136
137
149
163
164
165
169
173
174
175
176
177
178
191
192
197
199
201
202
203
204
205
206
220
221
227
228
229
230
231
232
233
249
256
257
258
259
260
272
277
278
279
282
284
285
286
287
295
300
301
304
305
309
310
311
327
331
332
333
337
338
355
359
360
362
366
368
381
386
387
388
394
395
403
412
413
414
415
416
418
419
423
424
433
439
440
441
442
443
446
447
459
466
467
468
469
474
475
486
488
492
493
494
495
496
501
502
503
514
520
522
526
529
530
531
553
554
555
556
557
558
559
561
566
580
581
582
584
585
586
592
606
609
627
637
647
648
658
666
675
678
683
684
685
686
687
688
693
718
720
732
733
734
735
748
749
751
761
770
771
772
40
47
48
49
75
88
92
93
94
95
96
105
114
119
120
121
122
123
124
133
135
136
138
171
173
178
192
195
200
219
220
248
249
251
276
279
283
293
295
304
305
310
321
322
333
338
344
347
361
373
377
390
394
405
406
417
418
433
434
461
462
472
474
475
478
479
488
489
501
503
507
523
525
529
553
558
563
564
580
581
586
590
591
606
618
619
646
666
675
703
706
707
708
709
710
712
713
714
718
722
723
724
736
738
742
751
752
770
779
46
47
48
49
59
60
63
70
74
75
76
77
78
88
102
105
106
107
114
118
135
138
146
148
149
166
167
171
174
175
177
199
200
202
218
225
227
228
231
248
255
256
259
276
277
279
283
286
289
303
304
305
311
312
327
332
333
334
339
340
352
354
355
359
381
382
390
394
411
417
418
423
439
445
446
447
461
462
472
474
475
478
489
501
502
504
506
507
510
517
535
540
563
583
586
591
612
618
628
629
662
676
683
684
685
688
691
704
705
708
717
721
722
723
724
777
41
42
43
44
45
47
48
66
67
68
69
70
71
90
91
92
93
94
95
96
97
98
99
100
120
121
122
123
125
126
127
128
129
138
144
153
154
156
158
159
166
171
177
187
198
199
214
222
227
235
252
306
310
311
314
338
342
351
366
378
379
382
384
385
388
390
393
394
395
399
409
410
411
412
416
417
418
423
424
430
431
435
437
438
439
440
441
442
444
445
452
456
457
458
459
463
466
473
474
475
486
489
491
500
502
503
506
510
511
512
513
514
515
516
517
523
524
526
527
528
533
534
537
538
539
540
541
542
543
544
545
549
550
551
552
553
554
555
556
564
565
566
567
568
569
570
571
572
573
578
579
580
581
582
583
584
593
594
595
598
599
605
606
607
608
609
610
611
614
633
634
635
636
637
646
651
661
662
664
665
678
690
693
719
720
721
722
723
724
733
742
743
744
760
761
769
772
773
774
40
43
44
47
48
59
64
66
67
68
69
70
71
74
75
76
87
92
93
100
101
102
103
134
135
136
137
144
170
171
173
174
197
199
202
203
229
230
243
249
256
257
266
277
282
285
291
294
295
305
309
310
319
320
322
323
326
332
337
338
346
347
348
350
351
359
365
366
374
375
377
378
379
394
405
406
407
409
420
422
423
425
433
434
437
438
439
446
451
452
459
460
461
462
464
465
466
467
468
469
478
480
487
488
489
490
491
492
493
494
496
506
511
515
516
517
519
520
521
522
527
534
541
542
543
544
545
546
547
548
549
554
555
562
567
569
570
571
576
580
581
582
586
590
594
595
602
612
613
629
630
640
641
646
656
658
659
661
666
667
669
678
679
689
695
697
705
710
720
723
724
733
734
739
760
761
767
769
773
777
779
65
66
71
74
76
87
102
103
107
109
118
131
132
134
135
138
156
160
161
162
171
184
195
197
223
225
228
236
238
239
240
249
251
253
262
264
265
266
267
268
269
270
276
280
281
290
292
293
294
295
296
297
298
302
304
309
310
321
334
338
350
351
366
376
377
379
380
394
408
409
415
416
417
425
434
436
437
443
444
446
447
462
463
464
465
473
480
489
490
491
492
496
501
502
504
508
517
518
519
520
524
526
529
533
550
552
557
561
613
633
637
641
655
656
663
664
667
668
677
682
683
684
691
692
695
696
712
721
722
723
724
732
736
737
738
739
740
741
742
743
744
745
746
747
748
749
750
765
766
767
769
770
773
774
775
778
34
35
65
66
69
74
92
93
102
116
118
120
124
125
126
132
133
136
144
145
146
147
148
156
157
161
162
163
170
183
184
185
194
198
199
211
212
222
224
226
233
236
239
240
241
249
253
256
263
264
267
270
271
272
273
274
276
277
282
291
292
293
294
295
297
298
299
300
304
306
309
310
311
319
320
322
323
325
326
334
337
338
340
346
347
348
349
350
351
359
362
365
366
368
373
374
375
377
378
379
388
393
394
401
402
403
404
405
406
407
415
416
418
422
426
427
429
430
432
433
434
439
443
444
445
446
455
459
460
472
473
474
480
486
487
488
494
502
506
508
514
515
524
536
542
543
554
558
580
582
583
584
585
591
592
594
597
599
608
614
618
625
626
627
635
653
654
666
667
692
695
706
709
710
720
723
732
733
734
735
736
737
738
742
745
748
749
760
761
767
768
769
779
46
47
48
49
50
63
64
65
66
67
68
69
70
71
72
73
74
75
76
77
78
79
90
91
92
95
103
107
116
117
118
120
131
144
147
151
160
163
169
172
195
200
201
227
228
229
250
256
257
258
268
269
276
304
305
306
307
310
312
313
333
349
350
361
362
363
366
377
378
379
380
390
394
405
406
408
418
422
424
433
434
449
450
461
462
467
478
486
495
497
501
503
506
507
513
515
533
535
543
544
548
549
557
575
584
585
612
613
635
640
646
662
663
666
668
694
696
704
705
709
710
721
722
723
724
733
740
744
746
747
748
749
750
763
764
766
769
770
775
776
40
42
47
48
49
67
72
77
78
102
130
147
164
171
173
174
188
197
199
200
211
225
226
227
236
246
250
254
255
256
257
258
259
260
261
262
263
264
277
278
283
285
288
295
299
305
306
322
329
333
340
341
342
343
344
345
347
359
362
367
368
369
370
371
372
373
374
375
383
386
387
390
394
396
397
398
399
400
401
402
403
406
414
415
422
424
425
426
427
428
429
432
433
446
450
460
461
467
468
469
474
478
480
495
497
506
507
508
509
510
511
512
513
515
519
520
524
537
538
539
540
541
544
563
566
567
568
572
573
583
590
599
610
611
620
621
638
639
640
646
668
675
732
733
734
748
749
750
760
761
762
765
771
773
39
40
45
46
47
48
49
60
63
75
76
77
78
79
80
81
90
91
98
99
100
101
110
116
123
128
135
136
137
143
146
150
151
152
162
163
164
169
174
177
178
179
180
181
182
184
185
186
191
192
193
194
205
206
207
208
209
212
213
214
220
222
224
233
234
242
243
249
252
269
271
272
277
278
296
297
300
301
302
303
305
306
310
313
315
323
324
328
329
330
331
333
335
338
342
348
349
350
351
355
357
358
359
360
361
363
368
376
383
385
386
387
389
393
394
395
407
410
413
414
417
422
423
425
451
453
458
467
469
473
474
485
486
497
498
501
509
512
513
514
516
517
525
526
535
540
541
542
552
553
554
557
561
570
580
581
582
586
588
590
607
608
609
610
611
612
618
634
635
636
637
638
641
646
647
648
662
663
664
665
666
669
670
675
691
692
693
694
695
697
708
735
736
737
738
739
740
741
742
743
744
745
746
747
748
749
760
761
763
766
767
768
770
771
772
773
774
776
42
62
70
71
72
73
74
75
88
89
98
99
100
105
110
117
121
126
127
128
129
136
137
139
145
156
158
159
165
171
172
176
185
186
187
192
193
194
195
204
213
214
215
216
221
222
223
227
232
242
248
249
250
260
263
264
270
271
272
276
277
278
286
288
290
292
295
305
306
312
313
315
323
324
334
340
351
352
353
362
373
374
378
379
380
381
397
399
401
407
408
410
416
418
431
435
444
446
469
472
478
483
505
511
513
540
541
542
558
570
571
572
589
590
591
610
618
619
648
655
663
689
690
691
692
704
706
707
708
709
712
713
714
715
716
717
718
722
737
738
739
741
742
743
744
745
746
748
777
778
779
38
47
48
62
63
64
65
67
68
70
77
78
79
86
105
106
107
108
114
115
122
134
135
136
150
163
164
165
186
187
188
189
204
210
216
229
230
231
235
236
253
263
264
265
285
292
293
294
302
310
316
317
320
321
322
326
328
333
335
338
343
344
349
350
351
360
362
363
378
383
394
397
398
399
401
402
403
414
417
427
428
431
432
433
436
442
445
454
460
463
464
473
489
490
492
493
501
504
516
517
528
529
543
544
545
546
558
571
572
573
586
593
594
611
621
622
623
637
648
649
650
651
655
656
665
666
676
677
678
679
680
681
682
683
697
705
708
709
710
711
712
713
719
737
738
739
741
742
743
744
745
746
747
748
749
750
752
765
766
769
770
773
774
777
778
779
47
49
62
63
72
75
76
77
78
79
86
89
90
91
95
98
99
100
103
107
116
135
166
173
176
184
225
236
241
247
262
268
276
277
278
293
294
295
296
303
304
306
321
331
332
333
334
360
361
362
363
366
380
382
388
389
390
394
412
416
418
430
439
440
444
447
456
458
459
460
471
472
473
474
475
481
486
487
501
503
509
526
527
528
531
538
549
554
555
556
557
568
581
582
584
585
586
592
594
597
598
608
609
613
614
622
623
624
625
634
636
640
641
660
661
668
676
678
679
680
695
696
705
708
710
711
733
734
735
47
49
62
65
66
67
68
69
70
71
72
73
74
75
76
77
78
79
89
90
91
92
102
103
105
107
116
117
120
122
133
142
144
147
156
160
164
166
167
200
225
247
248
254
275
276
301
302
303
306
310
314
329
330
331
332
338
356
358
359
360
362
366
368
377
388
390
394
406
408
412
416
422
430
433
434
436
450
467
473
487
495
496
497
503
504
507
508
509
515
523
524
527
530
535
536
544
548
553
555
557
563
575
578
580
581
582
583
587
606
607
608
609
635
636
646
647
648
654
668
675
694
709
710
720
733
734
735
737
740
741
742
747
748
749
750
766
769
770
773
774
775
776
777
778
45
46
60
72
73
78
97
102
117
118
119
120
121
122
132
139
145
146
147
148
165
166
172
173
174
175
176
177
193
200
202
203
204
207
228
229
231
232
236
243
256
257
258
259
263
264
265
276
277
284
285
286
291
292
301
302
304
305
306
312
313
323
324
325
326
332
334
340
341
351
352
353
354
355
360
369
373
374
380
381
382
383
388
399
402
407
408
409
416
423
429
430
433
434
435
436
444
446
450
457
458
459
461
462
463
464
485
486
489
507
512
513
516
517
518
540
541
545
546
556
557
565
568
570
583
584
590
607
626
637
652
656
658
676
681
682
683
684
685
693
704
705
706
707
708
714
733
734
735
741
742
743
777
44
69
70
71
72
73
74
75
76
77
78
87
88
93
94
96
99
104
109
116
121
123
127
129
135
143
147
148
149
153
154
169
189
194
197
198
214
216
218
223
225
242
243
244
245
249
251
253
255
266
274
277
280
283
293
294
320
321
323
324
331
332
334
337
352
353
357
358
359
360
361
365
366
368
371
376
386
387
388
393
394
399
400
401
402
403
404
405
427
428
429
430
431
432
433
434
436
444
446
455
456
457
458
459
460
485
486
488
489
506
509
510
511
512
533
536
537
538
539
540
541
544
565
567
568
569
570
571
572
573
574
576
580
581
582
583
585
591
597
598
600
601
608
609
610
611
621
622
633
636
637
638
648
652
664
665
666
667
675
676
677
678
680
681
695
704
707
712
732
733
736
738
739
741
744
745
746
747
748
760
766
769
773
774
775
72
76
99
100
101
102
104
107
129
131
132
135
136
146
147
148
149
150
151
152
159
160
162
163
164
175
176
177
178
179
180
181
192
193
199
203
206
207
208
209
212
216
221
228
238
239
248
266
275
276
292
293
294
295
303
304
305
320
321
322
323
331
332
334
339
344
348
349
350
355
359
360
366
368
372
373
375
376
377
383
394
403
404
430
431
432
442
458
459
460
475
482
483
484
501
507
509
510
523
529
530
539
555
558
566
567
576
578
584
592
593
594
595
596
609
620
621
622
636
637
647
661
664
670
675
677
679
692
694
696
707
708
709
715
720
735
736
737
742
743
744
745
746
747
765
769
772
773
35
40
45
46
47
48
49
59
60
63
67
69
70
75
76
78
87
88
96
97
98
116
117
120
126
138
150
165
173
177
193
198
201
228
229
241
282
294
295
296
313
321
322
323
327
328
340
348
349
350
353
354
355
356
360
368
379
380
381
382
383
384
385
388
394
396
407
409
410
411
416
422
423
433
435
461
462
481
488
489
518
530
533
552
559
577
578
604
605
606
631
632
633
642
648
649
659
660
661
670
723
724
732
733
734
735
736
737
738
739
749
750
751
760
761
770
778
62
63
64
65
68
69
70
71
72
93
94
95
96
98
99
100
101
102
115
136
151
152
153
177
178
179
180
181
182
183
184
190
191
205
206
207
208
209
210
211
215
216
217
218
219
233
234
237
244
247
258
260
261
277
278
281
283
286
288
292
297
305
309
310
311
312
322
334
337
338
339
340
341
349
350
360
361
366
368
376
377
388
389
394
405
422
427
428
454
455
456
473
474
475
482
485
486
487
490
501
502
504
512
513
516
517
518
523
529
540
541
546
551
557
571
585
619
620
647
655
668
675
705
706
707
708
709
710
712
716
719
720
733
734
737
738
739
740
741
742
743
744
745
746
748
749
750
751
769
772
778
44
45
46
47
48
49
69
70
71
72
73
74
76
77
78
79
92
94
97
98
99
100
101
102
103
104
107
116
117
118
120
121
122
124
125
126
127
128
129
134
139
144
152
153
154
155
156
157
158
159
160
161
167
169
172
198
200
253
266
267
270
284
292
310
332
338
356
360
365
366
383
394
399
416
422
423
426
433
437
444
447
453
463
475
479
481
530
533
536
538
558
566
567
575
578
580
585
592
594
595
596
602
603
604
605
607
608
609
612
613
629
630
631
633
634
635
636
637
640
641
646
657
658
659
662
664
667
668
677
684
693
694
695
696
703
704
705
711
722
723
735
737
738
740
741
742
747
748
749
750
760
766
767
769
770
773
774
775
776
777
778
34
36
44
45
48
60
63
64
65
66
67
68
77
78
79
80
86
88
92
93
94
95
96
97
100
114
117
118
119
120
121
122
123
124
133
134
135
136
139
156
158
159
166
173
182
184
219
220
221
248
249
266
273
278
292
293
294
295
320
321
322
323
334
348
349
362
366
381
394
422
437
475
529
544
545
557
563
571
572
575
590
591
601
602
604
606
614
618
619
626
631
632
633
646
647
666
670
689
690
692
693
696
704
713
720
734
735
737
741
34
35
37
40
43
44
45
48
49
60
62
63
64
65
66
67
68
69
70
71
72
75
76
77
78
79
80
87
88
89
90
91
92
93
94
95
96
97
98
99
100
101
103
117
118
119
120
121
136
137
144
151
152
165
167
169
171
177
191
219
220
232
248
249
258
279
293
306
309
310
338
348
357
359
360
363
366
376
377
379
382
384
385
394
403
404
405
406
409
411
418
422
432
436
437
444
450
456
458
460
464
465
469
473
475
480
481
492
495
496
501
503
507
508
510
527
529
531
536
539
541
543
544
554
555
556
557
566
568
569
570
571
583
584
585
586
611
612
614
639
646
649
668
685
689
690
696
710
719
724
732
733
734
736
747
766
769
770
45
64
65
72
77
80
86
87
106
107
114
115
135
143
145
146
164
171
173
197
199
215
227
242
250
255
266
268
269
270
277
278
280
281
282
283
297
304
305
311
325
329
330
331
332
339
354
357
358
359
360
366
369
386
387
388
394
409
443
450
452
471
472
473
480
485
486
487
488
507
514
515
516
543
544
597
598
610
611
638
639
640
646
659
665
666
667
668
670
674
675
676
677
678
682
690
691
693
694
695
696
697
705
706
707
708
709
710
712
717
722
723
732
737
738
739
745
760
772
773
779
62
68
69
70
71
72
73
92
119
120
121
122
123
124
128
129
136
147
149
150
162
174
176
201
203
204
221
228
250
254
277
278
281
322
323
324
329
330
331
334
348
351
357
358
359
360
379
380
385
386
387
388
389
394
412
413
414
415
416
424
432
433
434
437
438
442
443
446
460
461
465
473
474
493
503
510
511
519
520
527
528
531
555
558
563
572
581
582
583
586
591
593
596
598
600
609
610
611
614
619
622
624
633
634
635
637
638
639
640
642
646
647
655
656
657
658
659
660
661
662
665
666
667
679
680
681
682
683
684
685
686
687
688
689
690
705
710
712
713
716
723
724
733
734
735
737
742
749
751
765
766
769
770
771
772
773
774
775
776
777
778
75
93
134
137
138
144
165
171
172
195
197
200
212
221
222
223
228
239
240
254
279
294
295
296
305
315
333
339
355
359
366
367
383
384
403
404
418
425
426
427
430
431
432
441
445
450
452
453
454
455
456
459
460
461
473
474
480
481
482
483
484
485
486
487
488
489
490
500
501
506
508
509
510
511
512
513
514
515
516
517
518
519
528
529
535
537
538
539
540
541
542
543
544
545
546
563
592
595
596
597
598
599
600
601
612
613
619
620
621
623
624
625
626
627
628
629
640
646
647
648
649
650
651
652
653
654
655
656
675
676
677
678
679
680
681
682
683
684
686
691
696
704
705
706
707
708
721
733
734
736
749
750
765
769
770
44
45
46
47
48
63
64
65
66
67
68
71
72
77
78
79
86
88
89
93
94
95
96
98
116
117
118
119
120
121
122
123
135
136
137
143
144
145
147
150
151
171
172
173
181
197
199
224
225
231
233
234
235
236
237
240
244
248
249
258
259
260
261
262
263
264
286
287
288
289
290
291
305
313
314
317
324
332
333
334
351
352
353
356
361
380
381
397
398
399
408
425
426
444
446
465
475
488
489
492
493
503
504
507
515
516
517
519
520
555
556
563
568
570
579
584
590
591
611
612
616
618
619
631
646
647
649
675
676
712
715
741
742
34
35
36
45
47
48
49
63
69
70
71
72
73
88
99
100
101
103
115
117
118
119
120
122
134
137
138
147
159
160
162
163
166
184
187
188
189
198
200
215
216
219
220
221
225
228
232
243
244
247
248
249
266
270
274
275
276
277
289
290
293
294
297
298
301
302
303
304
305
306
310
321
322
324
328
329
330
331
332
338
352
355
356
357
358
383
384
385
389
394
397
398
408
422
425
426
434
435
436
442
446
450
454
455
462
463
467
469
472
473
478
494
506
507
508
515
520
528
535
544
545
547
548
553
557
563
571
572
575
576
578
580
581
589
591
599
607
608
611
618
619
626
628
635
636
637
639
640
646
663
664
665
714
715
716
717
719
724
733
734
735
736
737
738
739
741
742
743
744
745
746
747
748
749
750
765
766
770
773
774
775
43
68
72
86
94
100
101
126
127
128
135
136
142
149
150
151
152
154
161
163
164
177
197
218
225
233
234
236
237
246
247
249
261
274
275
281
304
305
312
313
318
320
330
335
340
341
346
347
350
361
362
368
369
370
372
374
378
379
381
387
396
405
408
415
418
430
431
435
443
455
456
457
458
459
460
480
481
483
484
485
486
487
489
490
491
492
494
512
513
518
519
520
521
527
528
529
534
535
540
541
544
546
547
548
550
554
555
556
557
567
581
582
583
604
621
622
623
628
629
640
647
648
656
657
668
675
676
694
695
705
718
721
722
724
733
734
740
741
742
743
745
746
747
748
749
35
43
48
49
50
60
62
63
67
68
69
70
71
72
76
78
79
87
92
93
94
95
96
97
106
107
116
117
119
120
121
135
136
137
138
142
144
145
146
150
151
152
165
171
172
173
174
176
177
178
179
197
201
204
248
249
250
256
277
282
293
295
296
309
338
341
363
366
394
418
422
425
440
441
444
448
453
458
469
472
480
481
498
499
507
508
527
529
533
535
557
606
614
616
640
642
646
667
689
724
732
733
734
735
736
737
739
740
742
749
767
768
779
48
49
51
77
78
79
87
90
97
104
114
117
124
129
136
137
138
147
148
149
165
166
171
172
173
174
175
181
193
197
200
201
202
203
207
208
221
235
248
249
250
251
256
257
276
279
282
293
294
303
307
310
311
314
320
321
322
323
331
332
333
334
340
341
342
343
348
349
350
351
352
356
357
359
360
363
366
368
369
370
376
388
390
394
398
399
401
402
403
404
405
406
413
414
416
418
426
428
429
430
431
432
433
434
440
441
442
443
447
453
457
458
459
460
461
467
468
469
470
471
475
485
486
487
488
495
496
497
498
499
500
503
510
514
522
525
531
534
535
555
556
557
558
565
572
583
584
585
611
612
613
639
640
641
646
649
650
651
652
666
667
668
669
670
677
678
679
690
693
694
695
696
703
704
709
710
717
720
721
723
732
734
735
739
740
741
742
748
751
767
768
770
779
64
65
66
67
68
69
71
72
92
99
103
106
120
121
122
123
127
145
146
151
165
166
174
192
193
194
197
222
271
277
290
295
298
299
300
303
304
309
310
321
329
330
331
332
338
348
358
359
360
366
375
376
388
389
396
397
398
417
418
424
425
426
427
428
429
430
441
452
453
454
455
456
457
458
459
460
470
473
474
481
482
483
484
485
486
487
488
489
490
501
502
504
507
508
512
513
514
515
516
517
529
530
535
536
537
538
558
564
565
566
567
568
569
570
571
578
586
592
593
594
595
596
597
598
599
600
606
612
613
614
620
640
646
647
648
660
665
666
667
669
675
691
692
693
694
695
696
718
732
736
743
765
766
769
773
774
775
776
35
45
46
47
48
49
68
69
70
71
72
75
76
78
96
97
98
99
100
101
103
106
107
117
125
126
127
134
135
136
137
138
145
146
149
150
151
152
159
165
176
177
178
180
181
182
193
198
199
204
205
219
227
230
231
232
249
250
251
254
255
257
258
283
285
286
293
305
306
310
313
314
315
316
317
321
327
341
342
351
359
374
375
385
386
394
396
422
446
447
451
452
453
473
474
475
479
480
482
483
488
506
507
508
511
512
515
530
535
538
539
540
557
561
566
567
568
579
606
607
608
609
621
635
638
639
652
654
655
666
667
668
682
688
691
692
695
710
711
716
717
718
719
720
724
732
735
736
737
738
740
741
742
745
746
751
752
767
768
772
773
775
36
41
42
43
45
61
68
70
76
77
88
94
97
100
101
102
104
119
123
128
129
130
131
132
133
134
144
147
148
149
150
158
164
166
173
176
181
190
191
193
197
199
203
204
209
214
221
225
226
229
230
231
232
233
234
237
248
249
250
254
255
256
257
259
260
261
262
264
265
276
277
279
282
284
287
288
289
290
292
293
294
305
309
310
314
315
316
317
318
319
320
321
322
337
338
341
342
343
344
345
347
348
349
350
357
362
366
368
369
370
371
372
373
375
376
377
378
379
385
390
393
394
396
397
398
399
400
401
402
403
404
405
406
407
415
416
422
427
428
433
434
435
436
447
450
453
454
455
456
459
460
461
462
463
464
465
468
469
470
475
483
488
489
490
491
492
496
497
498
499
514
517
518
519
520
522
523
524
525
526
528
529
535
539
541
542
545
546
547
550
551
552
553
556
558
565
573
574
577
578
579
583
586
591
593
606
608
609
619
620
624
625
631
633
634
635
636
637
651
652
656
660
661
679
682
687
693
694
708
709
716
717
718
721
722
735
736
742
743
744
745
747
748
749
750
763
764
765
766
767
768
769
770
771
772
773
778
779
74
75
76
78
102
103
104
105
106
107
115
132
133
134
135
136
142
144
157
173
182
187
188
190
199
216
217
218
219
224
225
237
244
245
247
248
269
272
273
274
275
278
295
296
297
298
300
301
302
303
304
307
322
323
324
325
326
327
329
330
331
332
333
338
350
351
352
353
354
356
357
358
359
363
367
378
381
382
384
385
386
389
390
397
400
401
412
413
414
417
418
425
426
427
435
438
439
440
441
442
445
446
447
451
453
454
455
465
466
467
468
470
473
474
475
480
481
482
483
494
495
501
502
503
509
510
529
530
531
534
537
558
559
561
562
565
586
590
593
619
637
647
648
665
666
675
677
680
681
682
684
693
696
697
704
705
709
710
711
712
718
719
722
723
724
732
733
734
735
736
737
748
749
750
751
766
770
771
772
773
774
775
777
72
73
74
75
76
77
78
91
104
105
107
132
133
134
135
136
146
147
163
164
170
173
175
181
188
191
192
198
215
218
219
220
222
224
226
227
229
230
231
246
248
249
250
252
256
258
273
277
278
280
281
284
290
294
296
302
305
312
328
330
331
332
337
355
358
359
360
361
362
385
386
387
388
389
390
394
414
415
416
417
418
422
432
437
444
445
465
466
472
473
474
475
491
492
493
500
501
502
503
517
518
519
521
527
528
529
536
555
556
557
558
563
564
565
566
567
583
584
585
586
591
592
593
594
595
596
597
598
611
612
613
619
621
622
623
624
625
626
635
636
639
659
663
666
676
678
679
683
689
693
694
707
708
709
710
711
712
713
714
715
716
735
736
737
738
739
740
741
742
744
765
769
770
771
772
773
774
47
48
49
69
71
72
73
74
75
76
78
87
91
102
103
104
105
115
122
130
131
133
135
136
137
142
144
159
160
166
171
192
194
198
199
200
202
209
225
226
228
229
230
238
239
240
241
242
249
252
253
254
256
257
269
277
278
281
282
283
284
285
292
301
302
303
305
310
312
313
315
316
320
329
330
334
338
340
344
360
363
366
368
379
390
399
406
412
413
418
422
429
430
431
441
446
458
459
460
465
468
474
475
480
482
487
488
501
502
504
507
508
509
510
511
512
518
523
526
529
530
535
540
541
547
548
554
558
562
574
575
576
577
585
586
589
590
591
593
600
601
602
603
610
611
612
613
618
619
621
622
623
624
625
626
635
637
638
639
640
649
650
651
652
653
663
665
666
667
679
709
724
737
739
740
741
742
743
764
765
766
769
770
34
35
36
40
41
46
47
62
63
67
68
69
70
77
78
98
102
103
122
123
151
152
156
164
169
173
174
175
177
178
197
199
200
201
202
203
204
205
211
227
229
247
248
249
250
254
255
257
258
259
260
274
275
276
277
278
283
285
305
306
320
329
330
331
332
334
342
347
349
352
358
359
360
361
368
369
370
376
377
385
386
387
388
396
397
398
399
400
418
424
425
426
427
428
429
430
431
445
446
453
454
455
456
457
458
459
470
471
472
473
474
475
479
485
486
487
488
498
499
500
502
507
508
516
526
527
528
531
536
537
538
540
541
542
555
556
566
569
583
612
639
640
642
646
647
648
666
667
668
675
693
694
708
709
710
712
713
719
724
732
734
760
770
772
35
39
40
41
43
44
45
46
47
48
49
60
62
63
64
66
67
68
69
70
71
75
76
77
78
79
86
90
91
92
93
95
96
97
98
109
114
115
117
118
120
128
129
130
133
134
135
136
137
144
156
157
158
160
161
162
163
164
165
186
187
188
189
191
192
193
194
214
215
216
217
218
219
220
221
222
223
243
246
247
248
249
250
251
253
271
274
275
276
277
278
281
283
302
303
304
305
306
307
309
310
312
316
330
331
332
333
334
338
340
343
353
354
355
356
359
361
362
372
382
383
386
387
389
406
410
411
412
413
414
415
416
424
431
432
436
437
439
440
441
442
444
445
446
452
454
458
459
460
463
464
473
480
481
482
483
486
487
488
491
501
503
504
508
509
510
511
514
515
516
522
529
535
536
537
538
539
542
543
544
561
563
564
565
566
567
568
570
571
572
573
574
585
592
593
594
595
596
600
601
602
609
612
621
622
623
624
636
637
648
650
651
652
653
661
662
665
677
678
679
680
681
682
683
684
690
691
692
693
708
709
710
711
712
713
714
715
716
717
718
721
739
740
743
744
745
746
749
766
767
768
769
770
771
69
70
72
87
95
104
114
142
143
144
145
146
150
157
172
199
201
204
221
237
250
262
263
277
278
281
286
287
289
290
307
314
315
326
332
335
338
342
346
347
348
353
356
358
359
360
363
366
373
374
375
376
381
384
385
394
396
397
398
399
400
401
402
403
411
412
413
418
419
422
425
426
427
433
434
439
440
442
443
447
449
450
453
454
455
456
462
465
466
467
470
471
474
475
478
481
482
483
484
493
494
498
502
503
509
510
511
536
537
542
564
565
584
590
592
617
621
634
647
675
677
688
710
715
721
722
723
732
733
735
736
737
743
744
746
747
748
760
763
766
769
770
771
772
773
775
41
101
102
103
104
105
115
124
132
133
144
157
185
190
208
209
211
216
248
249
253
256
276
277
278
279
280
283
284
293
294
295
296
300
304
305
306
310
311
312
313
319
320
321
322
323
324
325
326
328
331
332
333
334
338
339
340
341
349
350
351
365
366
368
369
389
394
395
404
405
406
417
418
426
432
433
434
445
446
453
460
462
463
473
474
501
502
504
530
533
553
554
558
561
563
564
581
582
585
586
590
591
592
593
594
619
622
627
652
654
655
656
657
665
669
676
677
714
716
719
724
737
739
740
741
742
743
744
745
746
747
748
749
750
766
769
770
773
774
775
777
778
779
44
45
65
66
75
92
93
94
120
121
123
148
151
152
161
174
175
176
177
179
190
192
193
197
199
202
203
204
214
218
219
220
221
222
225
228
229
230
231
232
248
249
250
255
257
258
259
266
276
277
282
283
285
286
294
304
305
310
311
312
313
314
332
333
334
339
340
341
342
349
358
362
363
364
367
368
369
372
373
375
376
377
378
379
385
386
387
388
389
390
396
397
398
400
401
402
414
415
416
417
418
426
429
430
445
454
455
456
458
459
460
461
462
467
468
470
473
474
482
483
484
487
495
496
498
499
500
501
502
506
510
511
512
513
514
522
523
524
526
533
534
538
539
540
541
542
543
544
547
552
553
559
568
569
570
571
572
576
581
587
600
609
610
620
637
638
648
649
653
654
670
681
695
722
723
732
740
744
768
770
771
777
778
41
45
65
72
89
95
97
98
99
100
101
102
104
107
108
114
119
121
122
123
124
134
135
136
142
150
156
157
165
166
183
190
191
192
193
197
219
220
221
225
248
249
250
266
267
277
282
293
294
303
306
310
321
338
348
360
363
366
371
376
377
390
394
395
397
399
404
405
418
423
425
460
471
472
474
479
480
484
499
500
502
507
508
528
529
535
557
563
584
585
593
606
612
627
646
647
652
654
655
675
681
682
683
684
685
686
693
704
705
710
735
737
738
739
740
741
742
743
744
745
746
747
748
749
750
766
769
770
774
777
13
34
38
39
40
44
45
46
62
63
64
65
66
67
68
70
71
80
89
90
93
94
95
100
116
117
118
127
128
129
130
131
132
134
135
136
144
145
157
159
160
161
162
163
164
171
172
173
174
185
186
187
188
189
190
191
192
198
199
200
201
202
203
212
215
216
218
219
220
221
226
228
229
230
231
232
240
241
242
243
244
245
246
247
248
249
250
253
255
256
257
258
259
260
265
268
270
271
277
279
284
285
286
287
288
289
290
293
309
312
313
316
326
331
333
334
341
345
346
347
348
349
351
352
354
360
361
363
366
372
373
374
375
376
379
380
386
387
388
390
393
398
399
400
401
402
410
414
415
418
424
425
426
427
428
429
434
441
442
447
452
453
456
459
467
470
475
479
480
484
486
489
500
501
503
513
520
521
522
525
529
530
546
552
553
558
566
575
579
580
581
582
583
584
586
592
594
595
602
608
609
610
611
612
619
620
621
622
627
634
635
636
637
638
639
640
646
647
648
649
661
662
663
665
666
667
668
682
690
695
710
732
733
741
742
747
748
749
760
761
762
764
765
766
769
770
773
774
43
44
45
46
49
62
63
64
65
66
67
68
71
74
76
77
78
89
90
91
92
93
94
95
96
97
99
100
102
106
107
108
117
119
120
121
122
123
124
126
127
128
138
145
156
157
159
160
161
166
167
225
253
255
279
295
305
310
332
334
350
360
366
377
394
396
404
405
406
417
418
424
433
434
445
446
447
452
460
461
462
472
473
475
533
534
554
555
585
595
599
612
618
619
627
628
629
640
642
646
647
656
657
670
676
677
684
685
694
695
704
705
721
722
723
741
743
747
748
749
766
769
770
771
772
774
775
777
778
35
37
39
40
41
42
43
44
45
46
47
48
69
70
71
72
73
74
75
89
92
95
97
99
102
103
104
105
108
120
127
130
131
133
134
135
136
137
138
144
157
158
159
160
161
162
163
164
165
171
172
182
183
184
185
186
187
188
189
190
192
193
194
199
200
204
206
210
211
212
213
214
215
216
219
220
221
222
226
227
228
240
241
242
243
244
245
246
247
248
250
254
255
256
257
263
266
267
268
269
270
271
272
273
274
275
276
277
278
282
283
294
295
296
297
298
299
300
301
302
303
304
305
306
309
311
328
329
330
331
332
333
354
358
359
360
361
363
366
367
383
384
389
397
403
404
412
422
424
431
440
444
454
463
472
473
485
502
503
508
515
516
517
518
519
528
529
530
531
536
545
556
557
558
564
575
576
584
585
586
590
592
593
602
603
612
618
631
646
692
703
706
707
708
709
712
713
714
715
719
720
721
722
723
724
741
742
743
745
747
749
750
768
770
771
44
45
47
63
73
74
75
76
101
102
103
104
105
114
118
120
123
124
125
130
131
132
133
134
135
136
137
144
145
146
147
159
160
161
162
163
165
171
174
187
188
189
190
191
192
193
197
199
212
213
216
217
218
219
220
221
224
238
239
240
241
243
244
245
246
247
248
249
250
255
259
260
261
266
267
268
271
272
273
274
275
276
277
278
287
288
293
294
295
296
297
298
299
300
301
302
303
304
305
311
318
319
322
323
324
327
328
329
330
331
332
333
334
335
338
341
342
346
350
351
352
355
356
357
358
359
361
363
366
369
370
379
383
384
385
388
389
394
397
398
411
412
416
417
418
423
425
426
432
436
438
439
442
443
444
446
447
454
460
466
471
472
474
481
482
487
493
499
500
501
502
509
515
526
530
543
557
573
592
593
619
650
652
681
684
705
708
734
735
736
737
739
740
742
745
746
747
766
767
769
770
773
774
775
37
44
45
49
63
64
65
66
67
68
88
89
92
95
96
97
98
101
102
105
107
108
120
121
122
138
139
145
147
159
160
161
166
169
200
201
202
203
227
228
229
231
247
255
256
257
267
275
283
284
303
305
339
360
366
367
374
380
396
400
408
412
414
423
432
437
439
444
446
458
459
474
479
490
491
502
518
519
529
530
552
553
554
557
581
584
590
591
601
602
603
608
610
612
619
622
627
628
629
630
631
633
646
647
655
656
657
658
659
660
661
662
670
675
677
683
684
685
687
688
693
704
705
706
710
724
737
742
749
771
776
777
778
34
47
48
49
50
62
63
64
70
71
73
74
75
76
77
78
86
89
90
91
92
98
99
100
114
123
124
136
137
160
161
162
164
187
188
189
190
191
192
193
214
215
216
217
218
219
220
221
226
234
237
244
247
248
249
250
254
269
270
276
277
278
292
294
295
296
297
298
306
309
322
323
333
334
348
349
359
362
366
369
375
376
380
381
383
384
389
390
394
407
408
418
422
440
450
458
459
460
461
474
475
480
481
486
487
488
489
502
503
507
509
516
517
528
535
537
540
556
563
566
567
568
569
570
571
586
597
598
599
614
625
627
650
656
659
678
679
680
681
682
683
685
696
703
705
708
709
710
711
712
713
714
719
720
733
734
735
736
737
738
739
740
741
742
743
744
745
746
748
749
750
751
752
767
768
774
775
72
73
86
87
92
93
94
98
114
120
121
122
128
142
144
148
161
162
170
173
251
252
253
259
275
276
277
278
280
286
287
293
294
299
300
312
313
314
328
333
334
341
342
343
347
348
349
350
351
352
358
359
374
375
376
377
379
380
385
387
388
394
396
397
398
399
400
401
402
403
404
406
411
414
415
416
418
422
424
425
426
427
428
429
430
431
433
434
437
439
440
441
442
443
450
452
453
454
455
456
457
458
461
462
474
475
481
482
485
489
490
502
503
507
517
545
547
548
549
550
563
564
568
573
575
576
577
578
583
584
587
591
606
611
612
620
633
639
640
641
656
660
661
663
664
666
667
668
670
677
679
690
691
696
704
705
718
719
733
737
741
742
743
749
751
760
772
773
774
776
777
