0
156
156
371
563
758
845
1069
1226
1410
1410
1410
1549
1714
1837
1945
2144
2334
2473
2673
2910
3056
3237
3451
3679
3830
4002
4183
4379
4577
4735
4881
5044
5237
5375
5513
5706
5808
5957
6094
6231
6411
6580
6721
6931
7114
7219
7418
7620
7734
7903
8061
8272
8470
8625
8811
8941
9088
9088
9228
9382
9382
9560
9666
9904
10109
10278
10451
10566
10726
10876
10999
11252
11414
11528
11528
11700
11863
12029
12211
12320
12436
12635
12816
12972
13165
13305
13459
13677
13828
13994
14123
14268
14421
14606
14754
14871
15022
15183
15292
15292
15450
15571
15732
15887
16020
16201
16346
16459
16652
16810
16972
17230
17413
17590
17773
17937
18191
18337
18480
18663
18793
19041
19170
19385
19589
19722
19899
20070
