0.22908403
0.16903791
-0.20029184
0.16300865
-0.14569153
-0.22782543
0.20807052
0.23285674
0.22383392
0.16669661
-0.18057135
0.1599139
0.27723524
-0.14604062
-0.21647629
-0.16574529
-0.16898049
-0.43643841
0.16708213
0.21719305
-0.18874013
-0.31279787
-0.15258601
0.15370682
0.14969626
0.19812606
0.15578873
0.15061624
0.16330092
-0.39666641
0.20854957
-0.21566759
0.14679661
-0.16522203
0.15707198
0.22048004
-0.18858759
0.28662744
0.26129866
-0.16160688
-0.16123994
0.16505603
0.17180903
0.19975007
0.22356305
-0.2916404
0.21725164
0.31002238
0.25095001
0.41014415
-0.25536489
0.25759795
-0.25613144
0.24206661
0.14685498
0.27839959
0.28257632
0.21241172
0.17849757
0.31351724
-0.19439477
-0.14504249
0.35729614
-0.18675682
0.17001788
0.15899175
-0.20791146
-0.1984859
0.16984758
-0.20935038
0.21740168
-0.2113886
0.15737994
-0.162754
-0.18730594
0.28875989
0.23847783
0.19463266
0.14302868
0.18092358
-0.1813276
0.20168303
0.24554792
0.29884881
0.20999376
-0.2178814
-0.19579606
0.19833182
0.25848165
-0.17917487
-0.29563168
-0.16285959
-0.26605296
0.15665919
-0.18582855
0.21824664
-0.15858826
0.20348173
0.14294486
-0.29702541
-0.15187934
0.33695719
-0.30733979
-0.19041198
-0.22356875
0.31886041
0.22180367
-0.16394536
-0.24586269
0.35305694
0.19573922
-0.1473823
0.17856401
0.21285658
-0.30512905
0.15907848
0.24421367
0.25261956
0.47144702
0.15927407
-0.32722452
0.18249193
0.20349422
0.1607241
-0.16382742
-0.16399324
0.22069626
-0.17215024
-0.22819987
0.15081963
-0.21687475
-0.17706922
-0.18443547
0.17917372
0.19308323
-0.28380844
-0.18519442
-0.16215307
-0.19266629
-0.14802286
-0.20391579
0.20106792
-0.14455929
0.14844105
-0.17827095
-0.21265997
0.24691907
-0.14453061
-0.31780443
-0.16558139
-0.22123401
-0.18049623
-0.17858377
0.18482932
-0.14560202
-0.17489889
-0.21880466
-0.15068151
-0.24508183
-0.16035248
-0.2798357
-0.16748035
0.21513829
-0.24403767
-0.2421146
0.2149291
-0.23877551
-0.22064671
0.237148
0.15620556
-0.19150251
0.15291205
0.15716992
-0.48770112
-0.21908854
-0.21656993
-0.44953197
-0.22633976
0.16512433
-0.27176666
0.21592562
0.1638675
-0.15298016
0.14794391
-0.27218485
0.16130491
0.1798647
-0.19521344
-0.31699499
0.19014536
-0.18129149
-0.18262464
-0.42976397
-0.33595765
0.16050589
-0.25743994
0.17870221
0.14800623
0.21243952
-0.15657711
0.15191479
0.16717163
-0.3619293
-0.167914
0.29968423
-0.14974634
0.24715948
-0.20514369
0.19922127
-0.19156793
0.32024434
0.15722044
0.24364294
0.2533578
-0.15390341
-0.19676255
-0.250166
-0.22393563
0.16376814
0.25721979
-0.19766115
-0.14840534
-0.15577729
-0.35870066
0.15298589
-0.29672524
0.20733492
-0.32326144
-0.4223758
-0.41343462
-0.18303961
-0.20898344
-0.19702777
0.1650669
0.1587083
-0.20886485
-0.17085961
0.17373535
0.20616716
0.30521518
-0.16228671
-0.21839103
0.15866099
-0.16777179
0.14452791
0.24546929
0.16899191
-0.23289725
-0.17293534
0.19905688
-0.18253458
-0.18984921
-0.20552447
0.14471695
-0.23718336
0.26562431
-0.15007025
0.19617012
0.21486621
0.210439
-0.14922495
-0.18613183
0.18295045
0.1998232
-0.20134708
-0.2127106
-0.15172763
0.16164894
-0.38574222
-0.17727476
0.21034457
-0.18705371
0.23726413
0.16342823
0.19075644
0.33032376
0.15315707
-0.28869653
0.15551925
0.19837032
-0.15210195
0.18103075
0.16895452
0.20105587
-0.14523767
0.20738585
0.39200833
0.21183407
0.34022895
-0.144629
-0.17196791
-0.14508601
-0.14535245
0.1783216
-0.23469077
0.15319049
-0.14940469
-0.23070177
-0.1740867
-0.14459875
-0.1776243
-0.17637122
-0.22260252
-0.18060108
-0.22490154
-0.22142239
-0.18937227
-0.23712945
-0.19942461
-0.15901585
-0.15456599
-0.22208412
0.40032437
-0.14978226
0.2100769
0.32685092
0.26472044
-0.17160815
-0.19151753
-0.15205069
0.16190664
-0.20703045
-0.22332728
0.18548518
0.17705956
-0.27661794
-0.36501643
-0.17934877
0.18257976
0.1527968
-0.22588003
0.3074179
-0.14947742
0.22267523
0.1631158
0.19618793
0.17479415
-0.20228627
0.21432415
0.15950704
-0.23926747
-0.57335103
0.19568034
-0.1871945
0.17887184
0.15768327
0.18732579
-0.1916118
-0.2511777
-0.24991117
0.17377739
-0.18636094
0.15501088
0.21735212
0.17223802
-0.18547316
0.25358069
-0.15379104
0.16845495
0.20115548
0.1601682
0.16855887
-0.22569311
0.20800638
-0.30296552
0.19805896
-0.14768721
0.23246123
-0.15968069
0.22874671
0.1630017
-0.16864885
0.30765614
0.1552083
-0.16186456
0.19501901
-0.23930039
-0.33539012
0.15566874
-0.38915616
-0.17867538
0.18720241
0.15564403
-0.27263603
0.20879364
0.1505795
0.16057138
0.18242191
-0.26766682
-0.20277378
-0.41133988
0.26241431
-0.14612649
-0.1764463
0.25219133
0.16136153
0.17367573
0.22201326
0.18497744
-0.19493829
-0.21116506
-0.17028154
0.16180058
0.18926674
0.27614915
0.25812146
-0.15780593
-0.20552516
0.19140777
-0.22519408
0.34210381
0.15535359
-0.20263053
-0.16074806
-0.19081797
0.14393534
-0.36436567
0.16233996
0.28892344
-0.2839528
-0.20175999
0.14923649
0.22767399
0.18262762
0.46358711
0.18219998
-0.16089378
-0.18057755
0.22334394
0.16785483
0.18823165
-0.15898308
-0.18974696
0.28759098
-0.1710027
0.23955345
0.21941353
-0.3129164
0.16641493
0.33000129
0.26089203
0.28328675
0.1668032
0.19963552
-0.21475732
0.15196303
-0.22108185
0.173273
-0.16390595
0.16600631
-0.27135777
0.25742915
0.21427011
0.19173534
0.14356002
-0.16926634
-0.19649287
0.21129039
0.36057147
-0.45173457
-0.2447122
-0.19078252
-0.37005237
0.24661373
0.22994426
0.30201519
-0.279612
0.29550195
-0.2417305
-0.36418071
-0.1675874
-0.22869986
0.18461575
-0.14885864
-0.14787345
-0.30226025
-0.32604864
0.17891665
0.16709302
-0.14412257
-0.15836488
0.18348253
0.1946113
0.17080589
0.17192249
-0.33690128
0.27438504
0.17367654
-0.22731493
0.14600238
-0.16323569
0.18627146
-0.29258713
0.16731694
0.24876522
0.17227219
0.30103981
0.16422962
-0.31160867
0.20518704
0.16926022
0.29916197
0.16729863
0.22646901
0.17973669
-0.1716267
0.31826901
0.18194777
-0.18138042
0.15715715
-0.18860984
0.22023647
-0.1695122
0.17410736
-0.20286699
-0.24045305
-0.15973377
-0.14408536
-0.17363347
-0.18379383
-0.14307146
-0.18318817
0.1617191
0.27219909
-0.15947664
0.17985499
-0.15798624
-0.1835556
0.26517802
0.28553098
0.26138091
-0.26022297
0.15276045
0.24097951
0.20221646
0.19225086
0.24591187
0.19199759
-0.18127763
-0.28658825
-0.44391155
0.17057888
0.39537102
-0.29398766
-0.1483023
0.22338544
0.18769811
0.17439739
0.26880237
0.31420809
-0.14785986
0.15326442
0.20272087
0.19824915
0.18006466
-0.15478331
-0.16096863
0.30715895
0.28979865
-0.17578457
0.18139926
-0.17314696
0.16470778
0.1688406
0.20875596
-0.22142881
0.25524893
-0.16282576
0.17910275
-0.23426026
0.27287826
0.22057217
-0.16964176
-0.3052316
0.19969311
-0.14763702
-0.20829423
0.16397545
-0.16404893
0.14647424
0.15458784
0.26224646
0.14862323
0.22309995
0.20202111
0.22212666
0.15068738
0.48066241
0.26050374
0.24091926
0.17042398
0.31649595
-0.30259767
0.17446418
-0.18382278
0.14815168
0.20308894
-0.39739943
-0.2120076
0.2148346
-0.25114122
0.28722051
0.14550446
0.15197809
0.15524791
-0.29973358
-0.18362772
0.24145605
0.36081395
0.36285821
0.17605035
-0.2268234
0.46580032
-0.17724037
0.28996933
0.190846
0.29855615
0.1921847
-0.37966231
0.1562719
-0.15260772
0.14845556
0.27052897
0.15079747
-0.18208504
0.14546889
0.16184382
-0.15640233
-0.26264149
0.27200732
0.15456662
0.37420982
0.20989771
-0.20348206
-0.18528754
0.17371108
0.26111564
-0.15004103
-0.16471091
0.26813519
-0.1945527
0.17768922
0.31164691
0.15246265
-0.34726968
-0.22646461
0.26502675
0.17029715
-0.15373501
0.31264165
-0.20928796
0.15387706
-0.18261877
0.14305398
0.19696189
0.20242797
-0.19433109
0.2444765
-0.14846486
0.25599948
-0.18741301
0.19724077
0.14796306
0.20433986
0.29494557
0.23417193
0.15848154
-0.28256097
-0.34597632
0.17325844
0.16922735
-0.33659181
-0.15614665
0.14974733
0.16868766
0.20468327
-0.22540087
0.15814979
0.23705962
-0.14748578
0.20216697
-0.1545724
-0.25210255
0.16923465
0.24723226
0.15065086
0.18655649
-0.1967503
-0.22590329
0.19526465
-0.17282766
0.27809969
-0.14622961
0.20755383
0.20853662
0.19676091
0.26558328
0.26039296
-0.1552497
0.28411397
0.17905782
0.20301652
0.20442696
-0.14811698
0.16541569
0.40161622
-0.22141473
-0.16030507
0.5399918
-0.17070879
0.19052587
0.20872627
-0.16988149
-0.1713544
-0.17972393
0.14325193
-0.18911843
0.30299613
-0.18657504
-0.15072639
0.17496116
-0.20490137
-0.5094099
-0.25116137
-0.17241481
-0.19874062
-0.19611302
0.2025376
0.21252507
0.20345594
0.17295265
0.20325822
0.15592504
0.19924909
-0.23341244
-0.2934157
0.1664657
0.25805438
-0.277565
0.19043811
0.22269261
0.23148148
-0.28977546
-0.26401696
-0.2675263
0.16085553
-0.4216173
0.19530724
-0.15337747
-0.16516893
0.14584841
0.24514766
0.14580563
0.15529357
0.31253493
0.29447353
-0.22387627
-0.15865311
-0.21649714
0.19181429
0.14542289
0.160823
-0.17517009
0.15619418
-0.14365122
0.14871931
0.22550443
0.15445358
0.21981826
0.1850117
-0.15144721
0.14530578
0.18770607
0.16953102
0.14680353
0.22498621
0.63625228
-0.15647449
0.14760026
0.21809258
0.16710578
0.15040313
0.23652148
-0.19048601
0.15569329
0.15654533
0.15672028
-0.16422836
-0.15120821
0.22973403
0.17301652
0.16861428
0.25244647
0.1578256
-0.26403537
0.20064977
0.14551689
0.26015019
0.17840481
0.20824993
-0.38446289
-0.15524109
0.1558353
0.32662717
-0.18519285
-0.49285769
-0.22567487
0.17446339
-0.14899686
0.15627098
-0.32805586
-0.42797044
0.14476436
0.19074239
-0.21825476
0.21203654
-0.18328062
0.17370047
-0.1464994
0.15846932
-0.22002739
-0.20950668
0.24835519
0.19811305
-0.22481816
-0.3230423
-0.18331957
0.28114769
0.26091695
-0.14959282
-0.23318292
0.14559154
-0.18619305
-0.17503095
0.32823205
-0.29944131
0.21699166
0.32093412
-0.16463506
-0.18598926
0.21859629
-0.17182457
-0.15554598
-0.28979564
-0.21848422
0.2130526
0.15548481
-0.14439683
-0.17180596
0.36670142
0.21822585
-0.19800931
-0.2373292
0.54518902
0.18637443
-0.17544755
-0.14711933
0.42480749
0.17275275
-0.20890258
-0.17326757
-0.28307638
0.18830109
-0.16373952
0.17038922
0.2216046
0.16936043
-0.19946256
-0.1464821
0.24818902
0.36612085
-0.173219
0.15349115
-0.16237999
-0.2333499
-0.27714399
0.18139745
0.16426219
0.15206778
0.17114134
0.20897394
0.14361624
-0.37640563
0.20708406
0.33217001
-0.28617674
0.19138722
-0.16908091
0.19728918
0.19948806
0.16504873
0.42766005
0.14558348
0.21058568
0.26083967
0.17028828
0.16559896
0.15236199
0.23220614
0.25026059
-0.23603159
-0.20419502
-0.17374641
0.23175742
-0.17519525
0.16959338
0.23719415
0.30682832
0.38087535
-0.22154194
0.16867587
0.17525217
0.30475217
-0.15652232
0.29441765
-0.24102019
-0.2052664
0.17160465
0.19031858
0.15969674
-0.24794745
-0.24842277
0.25387198
0.31818247
-0.144354
0.51905674
0.20161778
0.17173947
0.21709067
0.15840681
0.21882434
-0.19474684
0.21175386
0.40351447
-0.14883398
-0.23290932
-0.14580639
0.28240204
0.15727003
-0.2026726
0.15267032
-0.16510373
0.15470745
-0.18362199
-0.14581692
0.15742363
0.14540042
-0.19091167
0.19463502
0.15656772
0.16376957
-0.19785517
-0.17682028
0.16872045
-0.43972948
0.25409418
0.51296145
0.18749878
0.61207312
0.35441324
0.15424927
0.23234388
0.20155299
0.25870726
-0.15643346
0.17320257
0.34071469
0.24119949
-0.16595802
0.15079957
0.50913227
0.24340682
0.3322064
0.38593474
0.19396728
-0.23104759
0.21467631
0.21486452
-0.18201339
0.21196191
0.17961545
-0.14506121
-0.15638235
-0.27476743
0.21055809
0.21500801
0.18465917
0.17193709
-0.21593209
-0.25154838
-0.17098947
0.14784664
-0.28420925
-0.23824927
-0.23888184
-0.2090423
0.18007679
0.15448369
-0.35489944
0.16538674
-0.15390743
-0.2597568
0.22145168
0.17010988
0.17315325
-0.3045342
-0.15881373
0.19006889
0.14386036
0.16624354
-0.28141093
0.14852211
0.23377448
0.18792881
0.16982244
-0.16797866
-0.21622157
0.15991181
-0.25107819
0.23141927
-0.27862751
0.17297664
0.15625349
0.23435387
-0.27453354
0.2419266
0.20180894
0.14306507
0.27266276
0.14691019
0.17007259
0.15845293
-0.16790201
0.17776382
0.1717549
0.23618478
-0.29218432
-0.38267472
0.18856218
0.20818257
-0.21066356
0.22096494
-0.14293648
0.20099108
-0.37713009
-0.14487244
-0.36949837
0.17432892
0.30101752
-0.34320828
-0.19116879
0.1763918
0.15983954
0.14474048
0.31061003
0.16540077
0.15897913
0.14976323
0.1646342
-0.26345819
0.27609336
0.17427161
-0.1943464
0.18588804
0.22229968
-0.15212563
-0.36282769
-0.19668634
-0.20471241
0.16053933
-0.39256153
0.16889146
-0.26581934
0.24076353
0.40473995
0.30523166
0.16520463
0.33230329
-0.47374526
0.33036405
-0.15605472
0.2352418
0.17435004
0.38493291
0.1788816
0.17058046
-0.16424306
0.14559673
0.21482569
-0.29695886
-0.15229897
0.27196881
0.14328882
-0.15924558
0.17119353
-0.16602878
0.20672889
0.22955319
-0.35212252
-0.18605998
-0.28821397
0.19299483
-0.2197172
0.17067565
-0.27824
0.26452616
-0.15681735
0.14418487
0.19486828
-0.31280509
0.21857296
-0.16391319
0.18194996
0.15142816
-0.1793551
0.1468177
0.14848115
0.16876337
0.19251429
-0.21198031
0.17183819
-0.14799339
-0.17004763
-0.15737008
-0.14846189
0.2100734
0.17804821
0.24881707
-0.17619689
0.15938942
-0.15145533
0.16982614
0.23539478
-0.32459876
-0.14730719
0.22636163
-0.33312416
0.23468047
0.18865751
0.17485961
0.2046701
0.15857159
0.30037791
0.23427425
-0.19328779
0.16592076
-0.18683648
0.29553303
0.2271284
0.30595884
0.19293986
-0.18883255
0.15183814
-0.180087
-0.14997993
0.35009649
-0.16158678
-0.17788994
0.16160661
0.14932296
0.1509345
-0.52039444
0.14996651
-0.41753742
0.28372219
0.19762233
-0.18870454
0.44139984
0.19187868
-0.19817041
0.17562981
0.25777823
0.23030168
-0.2581737
-0.16994622
0.3615357
0.19469033
0.15808524
-0.14747453
-0.18035667
0.20139505
-0.17692243
0.14602116
0.22295791
0.26061895
-0.35320133
0.20607379
0.14746517
-0.20689169
-0.16967763
0.22718045
0.18529345
0.20840605
-0.17688291
0.16545296
-0.14683834
-0.16127665
0.1431843
0.3722634
0.16568159
0.14825085
-0.17044501
0.18514019
0.21248841
0.22322084
0.34862369
0.19743022
0.143464
-0.22029297
0.18583736
-0.22797787
-0.15770023
-0.15958515
-0.49443138
-0.24489275
0.18955286
0.24995948
-0.33787078
-0.20887925
-0.17768809
0.1600288
-0.15018332
0.16533263
-0.18773665
-0.14879945
0.18913998
0.16909374
0.17397684
0.15041392
-0.15104735
0.20251928
-0.15779197
0.18654396
0.15115419
0.20170425
0.38293093
-0.19028142
0.18222809
-0.18220434
0.14459731
0.17209452
0.17309816
0.14681077
0.21392576
0.1990387
0.14811113
0.17734611
0.15130292
0.20934626
0.17771247
-0.20980105
0.19665802
0.18505485
-0.19329131
-0.17046025
0.32569948
0.17929557
0.24293154
0.15464619
-0.2924622
-0.23156086
0.49554819
-0.190952
0.1923912
0.14400934
0.18705837
0.23816253
-0.27000755
-0.151246
-0.24539219
-0.22003548
0.1919343
0.25891
-0.27204159
0.19039081
0.29180488
0.16976859
-0.22718203
-0.28447679
-0.4981356
0.25639501
0.15289502
-0.26042292
-0.17787583
0.16087119
-0.15696678
0.30785906
-0.22504626
-0.32859084
0.15713896
0.16656607
-0.26133454
-0.17682834
0.18380035
-0.22438158
0.37347803
-0.15795477
-0.20579459
0.18152103
0.26821232
0.23595046
-0.24318981
0.18079285
0.16041468
0.21294644
0.15689507
-0.1838412
0.16666427
-0.30833817
0.42339638
-0.33102584
-0.1903234
0.14770283
-0.20532018
0.14467327
-0.16564253
-0.16090064
-0.19624615
0.23703541
-0.29287747
-0.15503916
0.34285319
-0.20440352
0.14892036
0.16946055
0.16289647
0.28976479
0.20213184
0.20249794
0.27212209
-0.21776758
0.18001592
0.16235845
-0.20388944
0.1524047
-0.26118761
-0.26293126
-0.20574749
-0.21338437
-0.18872288
0.17015404
0.20191944
-0.17720784
0.38284874
-0.14546773
0.29828948
0.20495588
0.18552037
-0.16452722
-0.19468868
0.20940369
0.30031255
0.19898967
0.17325735
0.20004505
0.19826987
0.23643515
0.26954117
0.30931592
-0.18039864
0.16364217
-0.23757389
-0.25797454
0.23925708
-0.1470291
0.22330114
-0.29827386
-0.14530507
-0.20941998
-0.21095528
0.22989851
0.21033074
-0.1886149
-0.18748413
0.15888162
-0.16019838
0.1445979
-0.16918226
0.18926321
0.2683945
0.22740234
0.21397243
-0.27981097
0.18813816
0.15562496
0.26343745
0.22032772
-0.17317159
0.14931817
0.16438955
0.19253558
0.21070689
-0.14401904
0.22941139
0.23948175
0.14481157
-0.32302701
0.17733264
0.17592092
-0.20889618
0.15750529
0.3616778
-0.1559756
-0.16089302
-0.22835085
-0.16281579
-0.20457637
-0.14732774
-0.172454
0.15214409
-0.15779862
0.22382852
0.25177842
0.17822765
0.15297098
0.23885952
-0.14790481
0.14510512
-0.17650075
0.28953677
0.15347743
0.3133603
0.251495
0.16672963
0.2071469
0.16111696
0.16750748
-0.3293128
0.1678191
-0.15251419
-0.17085756
-0.23301382
0.42559978
0.24249706
0.16640018
0.27044255
-0.14297615
0.38132367
-0.17608394
0.20342307
-0.18607035
0.14740334
-0.26238948
-0.48533243
-0.30612126
0.28645855
0.24815415
-0.19705378
0.17740002
-0.18306479
0.1933455
0.16195761
0.22224581
0.17783229
0.26071671
0.14295539
-0.17309338
-0.29616573
0.14648518
0.1831944
0.2590872
0.16405298
-0.16142714
-0.23510967
0.14507015
-0.29627663
-0.23626861
-0.24164072
0.16065907
0.17407499
0.24964352
-0.20529303
-0.38550466
0.31673977
0.17082657
-0.22397766
0.16953956
-0.17055547
0.15559568
0.16161767
-0.19220065
-0.36991322
0.21543068
-0.19183677
0.17293167
-0.19904634
-0.20040928
-0.21366964
-0.24807923
-0.35692611
-0.45563778
0.2270375
0.26151907
0.16352913
0.16940124
-0.14803657
-0.16944179
0.19952819
-0.15464863
0.22096668
-0.16527247
0.32676119
0.29036644
0.14376606
-0.15550561
-0.51468933
-0.17223005
0.17907767
-0.17620604
0.21494299
0.23802717
0.15634473
0.1751859
0.15975654
0.26473269
-0.36421502
0.21959087
-0.29545286
-0.14387226
-0.43314874
-0.41949964
-0.27906543
0.17032291
0.17615236
-0.14596015
0.14580636
-0.16312674
-0.22568321
0.34679636
0.19218068
0.17363821
-0.22446059
0.16890359
-0.20115766
-0.18577895
0.16693941
0.43957302
-0.19770822
0.28147441
0.30248207
0.14733408
0.2092232
-0.36485559
0.29696834
-0.26930118
0.22335394
-0.19591178
0.17688395
-0.24897984
-0.1859902
0.34042677
0.23193996
-0.22833858
-0.27011037
-0.145073
-0.23961043
0.15140301
-0.20810741
-0.21779302
0.14524694
0.158481
-0.15323067
0.15593956
0.22588827
-0.24179105
0.18503132
-0.2288682
0.17218629
0.2231136
0.31072643
0.2826378
-0.27721667
-0.19548874
-0.2203417
-0.19059128
-0.26913109
-0.21956569
0.20885384
-0.2128159
0.15213642
0.19397983
-0.15808494
0.36019614
-0.27523261
-0.19005436
0.16182292
-0.24737939
-0.23285207
0.15447482
0.18016008
-0.31207153
0.17956267
0.18725805
-0.23586573
-0.1470546
0.15529823
-0.18121892
0.16996451
-0.17585132
0.19987057
0.16237375
0.16268702
-0.43851498
0.1523717
-0.14782266
-0.25260395
0.17385863
-0.15397896
-0.41437474
-0.16720811
-0.14791001
-0.16537043
-0.15858553
-0.15576431
-0.21920532
-0.1710546
-0.16984694
-0.18259984
0.19698963
0.185127
0.2771005
0.23644325
0.14389732
-0.16416956
0.144849
0.15597528
0.16982165
-0.15035349
0.22438817
0.17816873
0.24289776
-0.14480154
0.19949123
0.14556366
0.15811621
0.23425347
0.32279468
-0.1798721
