0
7
11
14
15
16
20
24
27
28
32
37
46
49
52
53
61
63
68
77
81
82
84
86
89
91
102
105
108
111
115
116
122
123
4
12
25
26
27
31
47
52
54
78
86
87
102
103
105
109
116
119
121
127
2
3
6
7
8
18
20
21
22
26
28
29
32
35
37
38
42
43
44
49
50
61
64
65
66
72
79
82
83
84
86
88
90
93
94
95
105
108
116
118
120
121
122
127
3
6
7
16
18
19
22
26
35
46
51
52
54
58
64
71
77
78
81
88
103
104
106
112
116
119
127
4
6
19
29
37
42
43
44
46
53
54
59
61
64
66
80
82
85
86
90
92
94
68
4
13
20
22
23
24
28
31
53
64
69
77
81
84
88
89
92
93
97
100
114
116
119
127
2
6
7
8
12
15
16
19
20
25
27
28
35
39
40
45
46
51
52
58
71
77
78
84
95
97
103
106
109
112
116
14
16
24
26
30
35
37
43
49
52
53
63
66
75
83
84
88
96
100
101
103
105
109
111
123
6
12
18
24
25
26
32
39
45
51
54
64
71
83
89
94
107
111
114
116
117
119
121
127
3
12
18
19
40
46
53
64
65
66
77
84
109
115
12
13
15
22
26
27
34
41
43
52
55
63
65
71
82
83
87
88
91
102
103
108
116
6
15
20
30
35
40
46
52
67
72
77
84
89
92
100
108
110
112
116
121
124
2
4
6
11
13
16
18
19
22
23
31
40
42
51
52
54
63
67
68
72
76
82
84
88
92
94
98
100
103
112
118
119
125
126
127
0
4
8
16
19
24
26
31
39
40
52
63
72
75
109
113
114
116
124
6
11
12
16
25
27
28
35
43
49
52
61
64
71
72
77
94
95
96
103
105
107
108
112
116
121
123
124
126
0
6
12
18
19
22
25
26
28
32
35
58
61
64
68
72
75
84
86
87
96
98
102
103
106
111
121
123
4
6
8
12
15
23
25
26
27
35
39
43
52
56
71
86
87
93
103
105
109
114
115
116
119
121
123
126
127
2
3
12
19
26
32
44
51
52
54
63
65
66
77
81
82
93
94
103
109
118
119
121
123
6
18
22
25
29
31
32
39
40
41
44
51
54
59
69
70
72
75
82
83
87
90
103
116
123
126
0
3
4
6
7
11
12
15
16
18
19
24
26
27
32
43
51
56
59
64
67
69
71
77
82
86
90
92
93
103
109
111
114
115
123
124
127
2
6
12
15
19
23
27
35
49
51
61
64
69
71
72
82
87
92
105
109
111
123
127
0
2
3
4
6
11
12
15
17
22
24
25
26
32
39
51
61
68
69
70
75
77
81
83
87
93
96
103
109
123
3
12
19
24
26
27
31
43
52
63
69
77
81
82
86
89
92
93
103
109
111
116
123
2
3
4
12
16
19
20
23
24
26
28
32
40
47
51
61
77
78
81
82
84
89
93
103
116
123
124
2
6
12
16
19
22
25
31
32
39
61
68
69
78
82
83
89
94
105
112
114
116
117
121
124
3
11
12
15
17
24
27
32
43
49
51
63
65
68
71
72
77
81
83
89
96
97
105
111
3
13
16
19
23
52
53
63
64
68
81
84
88
90
91
93
103
105
106
111
117
123
126
127
0
2
14
15
19
28
31
32
37
39
41
43
45
47
52
54
56
67
77
81
84
87
88
90
103
106
108
109
111
112
116
117
119
121
123
124
127
0
2
6
7
12
15
16
17
24
27
31
40
43
46
49
61
64
66
71
77
82
85
105
114
119
121
123
0
4
16
29
32
33
34
36
42
43
46
52
54
56
61
63
65
71
72
76
84
100
101
103
109
110
111
121
123
127
0
11
13
15
16
20
23
27
30
32
34
43
44
53
63
64
71
81
82
88
102
103
111
112
114
117
121
123
124
0
2
7
8
12
14
17
19
21
28
31
34
54
64
77
102
116
123
2
6
12
15
16
19
21
24
27
30
31
51
56
58
59
61
63
71
82
83
102
103
114
124
2
7
8
13
15
19
23
27
29
40
51
56
59
64
66
68
71
77
80
83
92
94
103
105
109
111
115
116
118
121
123
124
0
3
6
11
12
15
16
25
28
30
32
43
46
64
67
77
84
93
94
97
103
112
121
123
124
2
6
19
20
23
27
32
47
61
63
71
77
82
84
90
104
109
111
121
123
126
6
8
12
15
18
22
27
31
34
35
46
52
54
71
77
81
82
84
86
87
94
105
108
121
124
16
22
26
27
40
44
47
51
52
53
63
64
69
81
82
87
101
123
124
6
8
12
14
15
19
22
25
27
28
35
37
39
40
47
52
64
68
71
78
84
87
98
109
111
112
117
121
124
20
25
34
44
46
48
51
54
63
68
78
84
87
93
95
103
109
111
117
121
12
15
19
20
28
43
46
49
50
51
63
69
78
81
87
89
93
103
109
111
116
123
126
2
6
12
15
16
18
23
27
29
31
43
46
51
52
54
55
58
64
75
77
86
87
94
103
105
106
111
118
123
124
126
127
2
3
6
12
15
19
20
22
24
27
32
39
40
46
47
51
53
56
61
64
66
75
77
81
84
88
92
93
95
111
114
121
123
124
126
0
6
12
18
20
23
28
29
31
41
46
50
54
55
63
66
77
82
84
85
91
92
103
106
111
116
117
119
121
122
123
125
127
8
15
16
19
22
26
39
40
43
47
49
51
52
63
69
72
87
88
89
97
108
111
123
124
126
127
15
16
18
24
27
32
35
43
46
47
54
62
64
75
81
103
111
112
116
123
3
6
7
11
19
24
25
27
28
35
38
39
40
43
47
48
53
54
68
73
83
84
85
90
91
103
105
110
111
113
114
119
124
126
4
6
13
15
16
19
22
23
25
27
34
40
45
54
63
64
65
68
83
84
86
87
101
105
113
116
121
123
124
3
6
8
11
13
16
18
19
26
27
30
34
40
46
63
68
71
75
81
82
102
103
109
111
112
114
118
127
2
3
6
11
12
15
16
17
21
23
24
25
32
37
44
51
55
61
62
63
64
65
66
72
77
80
88
93
94
103
104
116
119
121
123
126
19
22
35
39
40
49
51
52
53
64
69
72
82
84
87
94
103
109
111
118
4
6
8
12
15
22
28
34
35
44
45
51
52
56
61
63
69
71
72
76
81
82
88
90
96
97
100
104
109
111
113
116
118
119
121
123
2
3
11
12
15
16
19
22
23
27
30
34
35
40
44
46
50
52
54
62
64
66
68
71
75
80
82
83
84
86
94
103
109
116
119
121
123
124
2
3
5
6
12
15
19
23
27
43
46
49
54
56
64
69
70
71
77
80
87
89
92
105
109
111
6
12
18
33
39
40
51
52
54
63
71
76
82
87
100
116
123
126
127
2
3
6
11
12
15
16
19
23
25
30
32
43
44
52
54
63
64
71
75
81
82
88
89
94
102
103
108
114
119
123
124
126
6
11
12
15
16
20
23
31
40
45
53
54
61
64
77
81
84
88
96
103
106
108
109
110
115
116
119
121
123
124
3
6
14
15
16
17
21
23
25
26
30
34
42
49
50
51
52
59
63
64
67
78
81
82
83
87
92
93
102
103
112
116
117
119
123
124
125
127
7
15
23
24
25
26
30
46
52
54
58
64
65
81
87
92
94
103
106
108
109
117
119
123
126
4
13
29
36
42
118
119
2
3
6
12
15
35
50
52
54
63
68
81
82
84
91
93
94
97
103
111
127
