-0.29385012
-0.31547755
-0.2749669
-0.28226265
-0.29763708
-0.23755379
0.22080544
-0.34459412
-0.32129216
-0.34644002
-0.24299926
0.23717941
-0.30198324
-0.42329246
-0.22987927
-0.31311196
-0.35311684
-0.3054271
-0.27716038
-0.22091456
0.25988069
-0.3267312
-0.35496658
-0.21948886
-0.23925625
-0.2502735
0.23012832
-0.29407603
0.24930918
-0.26289621
0.24697904
-0.25881636
0.25058508
-0.32557607
-0.22147331
-0.25164568
0.23046117
0.32145187
0.28443888
-0.22751112
0.23297748
0.23657539
-0.26773199
-0.25756153
-0.25740132
-0.22186343
0.21731251
-0.26547128
-0.31465593
0.24523447
-0.37550738
-0.28751114
-0.33696958
-0.48774078
0.23774074
-0.35476092
-0.35590896
-0.36576304
-0.33852491
-0.26664045
-0.38200524
-0.23808552
-0.32998765
-0.24663937
0.31021103
-0.23854387
0.30530697
0.27976835
0.21701208
0.24390136
-0.22534709
-0.2679635
-0.24924931
-0.23952557
0.23641287
0.28486854
-0.25014049
-0.37839273
-0.41161415
-0.27744704
-0.34280449
-0.3770864
0.21912462
-0.2344327
-0.39349043
-0.36492464
-0.27634627
-0.25239453
-0.24381441
0.27770549
-0.27594903
-0.24650121
0.2194428
-0.35767469
-0.39125243
-0.23700051
0.29109466
-0.22413802
-0.3441875
-0.32526904
-0.21906416
0.21592729
-0.33361146
0.30121717
-0.28642794
-0.2827706
-0.27710754
-0.41709742
-0.35325643
-0.34786913
-0.4367739
-0.25261167
-0.36397848
-0.25961834
-0.38045487
-0.30097431
-0.26097596
-0.46961865
-0.26370826
0.30838335
-0.3432366
-0.26128399
-0.22350574
-0.25040257
-0.44968563
-0.33936003
-0.47796974
-0.26584759
